1,-3.1878,55.9444,10,-3.1875045576740964,55.944452094453304,null
2,-3.1875045576740964,55.944452094453304,10,-3.1872091153481925,55.944504188906606,only.fairly.rift
3,-3.1872091153481925,55.944504188906606,250,-3.18731172139119,55.94422228112037,null
4,-3.18731172139119,55.94422228112037,240,-3.18746172139119,55.943962473499234,begins.spider.drips
5,-3.18746172139119,55.943962473499234,260,-3.1875138158444902,55.94366703117333,null
6,-3.1875138158444902,55.94366703117333,260,-3.1875659102977902,55.94337158884742,null
7,-3.1875659102977902,55.94337158884742,260,-3.1876180047510903,55.94307614652151,null
8,-3.1876180047510903,55.94307614652151,260,-3.1876700992043903,55.942780704195606,panic.squad.danger
9,-3.1876700992043903,55.942780704195606,350,-3.1873746568784864,55.9427286097423,null
10,-3.1873746568784864,55.9427286097423,350,-3.1870792145525826,55.942676515289,strut.river.surely
11,-3.1870792145525826,55.942676515289,30,-3.186819406931447,55.942826515289,null
12,-3.186819406931447,55.942826515289,40,-3.1865895935985113,55.943019351571905,null
13,-3.1865895935985113,55.943019351571905,10,-3.1862941512726075,55.94307144602521,null
14,-3.1862941512726075,55.94307144602521,40,-3.186064337939672,55.943264282308114,null
15,-3.186064337939672,55.943264282308114,50,-3.185871501656766,55.94349409564105,record.sofa.sock
16,-3.185871501656766,55.94349409564105,160,-3.1861534094430017,55.94359670168405,null
17,-3.1861534094430017,55.94359670168405,160,-3.1864353172292375,55.94369930772705,null
18,-3.1864353172292375,55.94369930772705,150,-3.186695124850373,55.94384930772705,null
19,-3.186695124850373,55.94384930772705,160,-3.1869770326366087,55.94395191377005,renew.ears.tend
20,-3.1869770326366087,55.94395191377005,10,-3.186681590310705,55.94400400822335,lime.learns.front
21,-3.186681590310705,55.94400400822335,20,-3.186399682524469,55.94410661426635,null
22,-3.186399682524469,55.94410661426635,20,-3.1861177747382334,55.944209220309354,organs.shape.fantastic
23,-3.1861177747382334,55.944209220309354,340,-3.1858358669519977,55.94410661426635,null
24,-3.1858358669519977,55.94410661426635,340,-3.185553959165762,55.94400400822335,manliness.poem.cliff
25,-3.185553959165762,55.94400400822335,310,-3.185361122882856,55.943774194890416,null
26,-3.185361122882856,55.943774194890416,310,-3.1851682865999504,55.94354438155748,null
27,-3.1851682865999504,55.94354438155748,310,-3.1849754503170447,55.943314568224544,null
28,-3.1849754503170447,55.943314568224544,320,-3.184745636984109,55.94312173194164,brings.remedy.latter
29,-3.184745636984109,55.94312173194164,80,-3.184693542530809,55.943417174267545,null
30,-3.184693542530809,55.943417174267545,90,-3.184693542530809,55.94371717426755,rider.mile.lime
31,-3.184693542530809,55.94371717426755,80,-3.184641448077509,55.944012616593454,null
32,-3.184641448077509,55.944012616593454,80,-3.184589353624209,55.94430805891936,null
33,-3.184589353624209,55.94430805891936,80,-3.184537259170909,55.94460350124527,null
34,-3.184537259170909,55.94460350124527,80,-3.184485164717609,55.944898943571175,sports.topic.clocks
35,-3.184485164717609,55.944898943571175,200,-3.1847670725038446,55.944796337528174,slide.leads.stores
36,-3.1847670725038446,55.944796337528174,130,-3.1849599087867504,55.94502615086111,null
37,-3.1849599087867504,55.94502615086111,130,-3.185152745069656,55.94525596419405,null
38,-3.185152745069656,55.94525596419405,130,-3.185345581352562,55.94548577752698,null
39,-3.185345581352562,55.94548577752698,140,-3.1855753946854977,55.94567861380989,shed.desire.muddy
40,-3.1855753946854977,55.94567861380989,170,-3.1858708370114015,55.94573070826319,null
41,-3.1858708370114015,55.94573070826319,180,-3.1861708370114017,55.94573070826319,posts.kicked.universally
42,-3.1861708370114017,55.94573070826319,180,-3.186470837011402,55.94573070826319,null
43,-3.186470837011402,55.94573070826319,190,-3.1867662793373057,55.94567861380989,null
44,-3.1867662793373057,55.94567861380989,180,-3.187066279337306,55.94567861380989,diner.leaves.mutual
45,-3.187066279337306,55.94567861380989,190,-3.1873617216632097,55.94562651935659,null
46,-3.1873617216632097,55.94562651935659,190,-3.1876571639891136,55.945574424903285,null
47,-3.1876571639891136,55.945574424903285,180,-3.1879571639891138,55.945574424903285,null
48,-3.1879571639891138,55.945574424903285,190,-3.1882526063150176,55.94552233044998,skills.less.herb
49,-3.1882526063150176,55.94552233044998,130,-3.1884454425979234,55.94575214378292,bend.tubes.chops
50,-3.1884454425979234,55.94575214378292,250,-3.188548048640921,55.94547023599668,null
51,-3.188548048640921,55.94547023599668,240,-3.188698048640921,55.945210428375546,rooms.lamp.teach
52,-3.188698048640921,55.945210428375546,190,-3.188993490966825,55.945158333922244,null
53,-3.188993490966825,55.945158333922244,190,-3.189288933292729,55.94510623946894,null
54,-3.189288933292729,55.94510623946894,180,-3.189588933292729,55.94510623946894,null
55,-3.189588933292729,55.94510623946894,190,-3.189884375618633,55.94505414501564,null
56,-3.189884375618633,55.94505414501564,180,-3.190184375618633,55.94505414501564,null
57,-3.190184375618633,55.94505414501564,190,-3.190479817944537,55.94500205056234,null
58,-3.190479817944537,55.94500205056234,180,-3.190779817944537,55.94500205056234,null
59,-3.190779817944537,55.94500205056234,190,-3.191075260270441,55.944949956109035,shapes.sheep.nature
60,-3.191075260270441,55.944949956109035,170,-3.1913707025963447,55.94500205056234,null
61,-3.1913707025963447,55.94500205056234,170,-3.1916661449222485,55.94505414501564,null
62,-3.1916661449222485,55.94505414501564,170,-3.1919615872481524,55.94510623946894,null
63,-3.1919615872481524,55.94510623946894,180,-3.1922615872481526,55.94510623946894,useful.hike.trades
64,-3.1922615872481526,55.94510623946894,330,-3.192001779627017,55.944956239468944,null
65,-3.192001779627017,55.944956239468944,330,-3.1917419720058815,55.944806239468946,null
66,-3.1917419720058815,55.944806239468946,330,-3.191482164384746,55.94465623946895,null
67,-3.191482164384746,55.94465623946895,330,-3.1912223567636104,55.94450623946895,paying.crowd.weep
68,-3.1912223567636104,55.94450623946895,330,-3.190962549142475,55.94435623946895,null
69,-3.190962549142475,55.94435623946895,320,-3.190732735809539,55.944163403186046,null
70,-3.190732735809539,55.944163403186046,330,-3.1904729281884037,55.94401340318605,pump.wheels.hulk
71,-3.1904729281884037,55.94401340318605,240,-3.1906229281884038,55.943753595564914,null
72,-3.1906229281884038,55.943753595564914,240,-3.190772928188404,55.94349378794378,null
73,-3.190772928188404,55.94349378794378,240,-3.190922928188404,55.943233980322645,null
74,-3.190922928188404,55.943233980322645,240,-3.191072928188404,55.94297417270151,null
75,-3.191072928188404,55.94297417270151,250,-3.1911755342314017,55.94269226491527,along.spill.limp
76,-3.1911755342314017,55.94269226491527,10,-3.190880091905498,55.942744359368575,null
77,-3.190880091905498,55.942744359368575,10,-3.190584649579594,55.94279645382188,tonic.bliss.cove
78,-3.190584649579594,55.94279645382188,350,-3.19028920725369,55.942744359368575,null
79,-3.19028920725369,55.942744359368575,350,-3.1899937649277863,55.94269226491527,null
80,-3.1899937649277863,55.94269226491527,350,-3.1896983226018825,55.94264017046197,hooked.shine.third
81,-3.1896983226018825,55.94264017046197,120,-3.1898483226018826,55.942899978083105,null
82,-3.1898483226018826,55.942899978083105,130,-3.1900411588847883,55.94312979141604,shows.fries.lamp
83,-3.1900411588847883,55.94312979141604,110,-3.190143764927786,55.94341169920228,null
84,-3.190143764927786,55.94341169920228,120,-3.190293764927786,55.943671506823414,sculpture.shot.melon
85,-3.190293764927786,55.943671506823414,40,-3.1900639515948503,55.94386434310632,null
86,-3.1900639515948503,55.94386434310632,40,-3.1898341382619146,55.944057179389226,cliff.asleep.wedge
87,-3.1898341382619146,55.944057179389226,350,-3.189538695936011,55.944005084935924,null
88,-3.189538695936011,55.944005084935924,350,-3.189243253610107,55.94395299048262,null
89,-3.189243253610107,55.94395299048262,0,-3.1889432536101068,55.94395299048262,noted.friday.jams
90,-3.1889432536101068,55.94395299048262,290,-3.188840647567109,55.94367108269638,labels.hotels.alert
91,-3.188840647567109,55.94367108269638,60,-3.188690647567109,55.94393089031752,null
92,-3.188690647567109,55.94393089031752,50,-3.1884978112842033,55.944160703650454,trades.rare.cable
93,-3.1884978112842033,55.944160703650454,340,-3.1882159034979676,55.94405809760745,rush.crown.link
94,-3.1882159034979676,55.94405809760745,40,-3.187986090165032,55.94425093389036,null
