1,-3.1878,55.9444,300,-3.18765,55.94414019237887,null
2,-3.18765,55.94414019237887,300,-3.1875,55.94388038475773,begins.spider.drips
3,-3.1875,55.94388038475773,300,-3.18735,55.9436205771366,shut.stands.media
4,-3.18735,55.9436205771366,250,-3.1874526060429975,55.94333866935036,null
5,-3.1874526060429975,55.94333866935036,250,-3.187555212085995,55.94305676156412,null
6,-3.187555212085995,55.94305676156412,240,-3.187705212085995,55.94279695394299,panic.squad.danger
7,-3.187705212085995,55.94279695394299,10,-3.1874097697600914,55.94284904839629,null
8,-3.1874097697600914,55.94284904839629,0,-3.187109769760091,55.94284904839629,valve.elaborate.fortunate
9,-3.187109769760091,55.94284904839629,60,-3.186959769760091,55.943108856017425,null
10,-3.186959769760091,55.943108856017425,70,-3.1868571637170935,55.94339076380366,null
11,-3.1868571637170935,55.94339076380366,60,-3.1867071637170934,55.9436505714248,null
12,-3.1867071637170934,55.9436505714248,70,-3.186604557674096,55.943932479211036,lime.learns.front
13,-3.186604557674096,55.943932479211036,310,-3.18641172139119,55.9437026658781,null
14,-3.18641172139119,55.9437026658781,320,-3.1861819080582543,55.94350982959519,null
15,-3.1861819080582543,55.94350982959519,310,-3.1859890717753485,55.94328001626226,null
16,-3.1859890717753485,55.94328001626226,320,-3.185759258442413,55.94308717997935,null
17,-3.185759258442413,55.94308717997935,280,-3.185707163989113,55.942791737653444,dent.shins.cycle
18,-3.185707163989113,55.942791737653444,10,-3.185411721663209,55.942843832106746,null
19,-3.185411721663209,55.942843832106746,10,-3.185116279337305,55.94289592656005,null
20,-3.185116279337305,55.94289592656005,20,-3.1848343715510694,55.94299853260305,courier.assume.bill
21,-3.1848343715510694,55.94299853260305,100,-3.1848864660043694,55.943293974928956,sentences.sings.modern
22,-3.1848864660043694,55.943293974928956,130,-3.185079302287275,55.94352378826189,null
23,-3.185079302287275,55.94352378826189,130,-3.185272138570181,55.94375360159483,null
24,-3.185272138570181,55.94375360159483,140,-3.1855019519031167,55.943946437877734,manliness.poem.cliff
25,-3.1855019519031167,55.943946437877734,110,-3.1856045579461143,55.94422834566397,atoms.vanish.foods
26,-3.1856045579461143,55.94422834566397,30,-3.1853447503249788,55.94437834566397,null
27,-3.1853447503249788,55.94437834566397,30,-3.1850849427038432,55.94452834566397,null
28,-3.1850849427038432,55.94452834566397,30,-3.1848251350827077,55.94467834566397,null
29,-3.1848251350827077,55.94467834566397,40,-3.184595321749772,55.94487118194687,sports.topic.clocks
30,-3.184595321749772,55.94487118194687,80,-3.184543227296472,55.94516662427278,settle.title.united
31,-3.184543227296472,55.94516662427278,130,-3.1847360635793778,55.945396437605716,null
32,-3.1847360635793778,55.945396437605716,120,-3.184886063579378,55.94565624522685,null
33,-3.184886063579378,55.94565624522685,90,-3.184886063579378,55.94595624522685,rider.aura.bulb
34,-3.184886063579378,55.94595624522685,190,-3.1851815059052817,55.94590415077355,null
35,-3.1851815059052817,55.94590415077355,190,-3.1854769482311855,55.94585205632025,null
36,-3.1854769482311855,55.94585205632025,190,-3.1857723905570894,55.945799961866946,null
37,-3.1857723905570894,55.945799961866946,190,-3.1860678328829932,55.945747867413644,null
38,-3.1860678328829932,55.945747867413644,180,-3.1863678328829934,55.945747867413644,null
39,-3.1863678328829934,55.945747867413644,190,-3.1866632752088973,55.94569577296034,null
40,-3.1866632752088973,55.94569577296034,180,-3.1869632752088974,55.94569577296034,null
41,-3.1869632752088974,55.94569577296034,150,-3.187223082830033,55.94584577296034,diner.leaves.mutual
42,-3.187223082830033,55.94584577296034,190,-3.187518525155937,55.94579367850704,null
43,-3.187518525155937,55.94579367850704,190,-3.1878139674818406,55.945741584053735,null
44,-3.1878139674818406,55.945741584053735,190,-3.1881094098077445,55.94568948960043,null
45,-3.1881094098077445,55.94568948960043,190,-3.1884048521336483,55.94563739514713,null
46,-3.1884048521336483,55.94563739514713,190,-3.188700294459552,55.94558530069383,null
47,-3.188700294459552,55.94558530069383,180,-3.1890002944595524,55.94558530069383,null
48,-3.1890002944595524,55.94558530069383,190,-3.189295736785456,55.945533206240526,null
49,-3.189295736785456,55.945533206240526,180,-3.1895957367854564,55.945533206240526,null
50,-3.1895957367854564,55.945533206240526,150,-3.189855544406592,55.945683206240524,turkey.limit.ramp
51,-3.189855544406592,55.945683206240524,200,-3.1901374521928276,55.94558060019752,null
52,-3.1901374521928276,55.94558060019752,200,-3.1904193599790633,55.94547799415452,null
53,-3.1904193599790633,55.94547799415452,200,-3.190701267765299,55.94537538811152,null
54,-3.190701267765299,55.94537538811152,200,-3.1909831755515348,55.94527278206852,maple.limit.hotels
55,-3.1909831755515348,55.94527278206852,230,-3.1911760118344406,55.945042968735585,shapes.sheep.nature
56,-3.1911760118344406,55.945042968735585,280,-3.1911239173811405,55.94474752640968,null
57,-3.1911239173811405,55.94474752640968,280,-3.1910718229278405,55.94445208408377,paying.crowd.weep
58,-3.1910718229278405,55.94445208408377,270,-3.1910718229278405,55.94415208408377,null
59,-3.1910718229278405,55.94415208408377,260,-3.1911239173811405,55.94385664175786,null
60,-3.1911239173811405,55.94385664175786,270,-3.1911239173811405,55.94355664175786,meal.feed.large
61,-3.1911239173811405,55.94355664175786,270,-3.1911239173811405,55.943256641757856,null
62,-3.1911239173811405,55.943256641757856,270,-3.1911239173811405,55.94295664175785,null
63,-3.1911239173811405,55.94295664175785,220,-3.1913537307140762,55.94276380547495,along.spill.limp
64,-3.1913537307140762,55.94276380547495,0,-3.191053730714076,55.94276380547495,null
65,-3.191053730714076,55.94276380547495,10,-3.190758288388172,55.94281589992825,tonic.bliss.cove
66,-3.190758288388172,55.94281589992825,10,-3.1904628460622684,55.94286799438155,null
67,-3.1904628460622684,55.94286799438155,0,-3.190162846062268,55.94286799438155,null
68,-3.190162846062268,55.94286799438155,0,-3.189862846062268,55.94286799438155,second.launch.miles
69,-3.189862846062268,55.94286799438155,120,-3.190012846062268,55.943127802002685,null
70,-3.190012846062268,55.943127802002685,120,-3.190162846062268,55.94338760962382,arts.dish.scarcely
71,-3.190162846062268,55.94338760962382,110,-3.190265452105266,55.94366951741006,null
72,-3.190265452105266,55.94366951741006,120,-3.190415452105266,55.94392932503119,pump.wheels.hulk
73,-3.190415452105266,55.94392932503119,350,-3.190120009779362,55.94387723057789,null
74,-3.190120009779362,55.94387723057789,350,-3.189824567453458,55.94382513612459,null
75,-3.189824567453458,55.94382513612459,0,-3.189524567453458,55.94382513612459,burn.spot.across
76,-3.189524567453458,55.94382513612459,280,-3.189472473000158,55.94352969379868,null
77,-3.189472473000158,55.94352969379868,250,-3.1895750790431556,55.94324778601244,rents.cone.stove
78,-3.1895750790431556,55.94324778601244,330,-3.18931527142202,55.943097786012444,region.passes.pencil
79,-3.18931527142202,55.943097786012444,30,-3.1890554638008846,55.94324778601244,null
80,-3.1890554638008846,55.94324778601244,30,-3.188795656179749,55.94339778601244,null
81,-3.188795656179749,55.94339778601244,30,-3.1885358485586135,55.94354778601244,null
82,-3.1885358485586135,55.94354778601244,30,-3.188276040937478,55.943697786012436,cubs.trucks.help
83,-3.188276040937478,55.943697786012436,90,-3.188276040937478,55.94399778601244,rush.crown.link
84,-3.188276040937478,55.94399778601244,110,-3.1883786469804756,55.94427969379868,trades.rare.cable
85,-3.1883786469804756,55.94427969379868,40,-3.18814883364754,55.94447253008158,null
86,-3.18814883364754,55.94447253008158,40,-3.187919020314604,55.94466536636449,hurt.green.filer
87,-3.187919020314604,55.94466536636449,290,-3.1878164142716066,55.94438345857825,thank.salsa.brain
88,-3.1878164142716066,55.94438345857825,10,-3.1875209719457027,55.94443555303155,null
89,-3.1875209719457027,55.94443555303155,0,-3.1872209719457025,55.94443555303155,only.fairly.rift
90,-3.1872209719457025,55.94443555303155,180,-3.1875209719457027,55.94443555303155,null
