1,-3.1878,55.9444,110,-3.187902606042998,55.94468190778624,hurt.green.filer
2,-3.187902606042998,55.94468190778624,150,-3.1881624136641333,55.94483190778624,null
3,-3.1881624136641333,55.94483190778624,150,-3.188422221285269,55.944981907786236,null
4,-3.188422221285269,55.944981907786236,150,-3.1886820289064044,55.945131907786234,rooms.lamp.teach
5,-3.1886820289064044,55.945131907786234,190,-3.1889774712323082,55.94507981333293,null
6,-3.1889774712323082,55.94507981333293,140,-3.189207284565244,55.94527264961584,number.exist.rate
7,-3.189207284565244,55.94527264961584,160,-3.1894891923514797,55.94537525565884,null
8,-3.1894891923514797,55.94537525565884,160,-3.1897711001377154,55.94547786170184,null
9,-3.1897711001377154,55.94547786170184,160,-3.190053007923951,55.94558046774484,null
10,-3.190053007923951,55.94558046774484,160,-3.190334915710187,55.94568307378784,null
11,-3.190334915710187,55.94568307378784,160,-3.1906168234964225,55.94578567983084,null
12,-3.1906168234964225,55.94578567983084,160,-3.190898731282658,55.94588828587384,null
13,-3.190898731282658,55.94588828587384,130,-3.191091567565564,55.94611809920678,simple.rust.audio
14,-3.191091567565564,55.94611809920678,270,-3.191091567565564,55.945818099206775,null
15,-3.191091567565564,55.945818099206775,280,-3.191039473112264,55.94552265688087,null
16,-3.191039473112264,55.94552265688087,240,-3.191189473112264,55.945262849259734,maple.limit.hotels
17,-3.191189473112264,55.945262849259734,190,-3.191484915438168,55.94521075480643,hills.feels.tunes
18,-3.191484915438168,55.94521075480643,190,-3.1917803577640718,55.94515866035313,null
19,-3.1917803577640718,55.94515866035313,190,-3.1920758000899756,55.94510656589983,useful.hike.trades
20,-3.1920758000899756,55.94510656589983,330,-3.19181599246884,55.94495656589983,null
21,-3.19181599246884,55.94495656589983,330,-3.1915561848477045,55.94480656589983,null
22,-3.1915561848477045,55.94480656589983,320,-3.191326371514769,55.944613729616925,null
23,-3.191326371514769,55.944613729616925,330,-3.1910665638936333,55.94446372961693,paying.crowd.weep
24,-3.1910665638936333,55.94446372961693,230,-3.191259400176539,55.94423391628399,hills.giant.crate
25,-3.191259400176539,55.94423391628399,340,-3.1909774923903034,55.94413131024099,null
26,-3.1909774923903034,55.94413131024099,340,-3.1906955846040677,55.94402870419799,null
27,-3.1906955846040677,55.94402870419799,0,-3.1903955846040675,55.94402870419799,pump.wheels.hulk
28,-3.1903955846040675,55.94402870419799,230,-3.1905884208869733,55.943798890865054,null
29,-3.1905884208869733,55.943798890865054,230,-3.190781257169879,55.94356907753212,null
30,-3.190781257169879,55.94356907753212,230,-3.190974093452785,55.94333926419918,null
31,-3.190974093452785,55.94333926419918,240,-3.191124093452785,55.94307945657805,else.urban.museum
32,-3.191124093452785,55.94307945657805,0,-3.1908240934527847,55.94307945657805,relate.chill.vest
33,-3.1908240934527847,55.94307945657805,10,-3.190528651126881,55.94313155103135,null
34,-3.190528651126881,55.94313155103135,0,-3.1902286511268807,55.94313155103135,shows.fries.lamp
35,-3.1902286511268807,55.94313155103135,320,-3.189998837793945,55.94293871474844,second.launch.miles
36,-3.189998837793945,55.94293871474844,310,-3.189806001511039,55.94270890141551,hooked.shine.third
37,-3.189806001511039,55.94270890141551,50,-3.1896131652281334,55.94293871474844,null
38,-3.1896131652281334,55.94293871474844,10,-3.1893177229022296,55.942990809201746,region.passes.pencil
39,-3.1893177229022296,55.942990809201746,110,-3.189420328945227,55.943272716987984,null
40,-3.189420328945227,55.943272716987984,110,-3.189522934988225,55.94355462477422,null
41,-3.189522934988225,55.94355462477422,70,-3.189420328945227,55.94383653256046,burn.spot.across
42,-3.189420328945227,55.94383653256046,10,-3.1891248866193234,55.94388862701376,noted.friday.jams
43,-3.1891248866193234,55.94388862701376,350,-3.1888294442934195,55.94383653256046,null
44,-3.1888294442934195,55.94383653256046,0,-3.1885294442934193,55.94383653256046,null
45,-3.1885294442934193,55.94383653256046,350,-3.1882340019675155,55.94378443810716,cubs.trucks.help
46,-3.1882340019675155,55.94378443810716,310,-3.1880411656846097,55.94355462477422,null
47,-3.1880411656846097,55.94355462477422,300,-3.1878911656846096,55.94329481715309,gums.clock.modes
48,-3.1878911656846096,55.94329481715309,290,-3.187788559641612,55.94301290936685,null
49,-3.187788559641612,55.94301290936685,260,-3.187840654094912,55.94271746704094,panic.squad.danger
50,-3.187840654094912,55.94271746704094,10,-3.187545211769008,55.942769561494245,null
51,-3.187545211769008,55.942769561494245,10,-3.1872497694431043,55.94282165594755,null
52,-3.1872497694431043,55.94282165594755,10,-3.1869543271172005,55.94287375040085,null
53,-3.1869543271172005,55.94287375040085,10,-3.1866588847912967,55.94292584485415,null
54,-3.1866588847912967,55.94292584485415,10,-3.186363442465393,55.942977939307454,hers.banks.goat
55,-3.186363442465393,55.942977939307454,10,-3.186068000139489,55.943030033760756,null
56,-3.186068000139489,55.943030033760756,0,-3.185768000139489,55.943030033760756,toned.deflection.bland
57,-3.185768000139489,55.943030033760756,0,-3.1854680001394886,55.943030033760756,null
58,-3.1854680001394886,55.943030033760756,0,-3.1851680001394884,55.943030033760756,null
59,-3.1851680001394884,55.943030033760756,0,-3.1848680001394882,55.943030033760756,courier.assume.bill
60,-3.1848680001394882,55.943030033760756,120,-3.1850180001394883,55.94328984138189,null
61,-3.1850180001394883,55.94328984138189,130,-3.185210836422394,55.94351965471483,null
62,-3.185210836422394,55.94351965471483,120,-3.185360836422394,55.94377946233596,null
63,-3.185360836422394,55.94377946233596,90,-3.185360836422394,55.944079462335964,manliness.poem.cliff
64,-3.185360836422394,55.944079462335964,80,-3.185308741969094,55.94437490466187,null
65,-3.185308741969094,55.94437490466187,30,-3.1850489343479587,55.94452490466187,acid.chair.butter
66,-3.1850489343479587,55.94452490466187,100,-3.1851010288012587,55.944820346987775,null
67,-3.1851010288012587,55.944820346987775,100,-3.1851531232545587,55.94511578931368,null
68,-3.1851531232545587,55.94511578931368,100,-3.1852052177078587,55.94541123163959,null
69,-3.1852052177078587,55.94541123163959,100,-3.1852573121611587,55.945706673965496,null
70,-3.1852573121611587,55.945706673965496,100,-3.1853094066144587,55.9460021162914,prime.rent.silk
71,-3.1853094066144587,55.9460021162914,190,-3.1856048489403626,55.9459500218381,null
72,-3.1856048489403626,55.9459500218381,200,-3.1858867567265983,55.9458474157951,null
73,-3.1858867567265983,55.9458474157951,190,-3.186182199052502,55.9457953213418,posts.kicked.universally
74,-3.186182199052502,55.9457953213418,190,-3.186477641378406,55.945743226888496,null
75,-3.186477641378406,55.945743226888496,160,-3.1867595491646417,55.9458458329315,hidden.handle.softly
76,-3.1867595491646417,55.9458458329315,250,-3.1868621552076393,55.94556392514526,spent.spoon.bolt
77,-3.1868621552076393,55.94556392514526,300,-3.186712155207639,55.945304117524124,null
78,-3.186712155207639,55.945304117524124,300,-3.186562155207639,55.94504430990299,null
79,-3.186562155207639,55.94504430990299,300,-3.186412155207639,55.944784502281856,null
80,-3.186412155207639,55.944784502281856,300,-3.186262155207639,55.94452469466072,null
81,-3.186262155207639,55.94452469466072,300,-3.186112155207639,55.94426488703959,organs.shape.fantastic
82,-3.186112155207639,55.94426488703959,220,-3.1863419685405745,55.94407205075668,null
83,-3.1863419685405745,55.94407205075668,200,-3.18662387632681,55.94396944471368,null
84,-3.18662387632681,55.94396944471368,210,-3.1868836839479457,55.94381944471368,null
85,-3.1868836839479457,55.94381944471368,200,-3.1871655917341815,55.94371683867068,null
86,-3.1871655917341815,55.94371683867068,170,-3.1874610340600853,55.943768933123984,shut.stands.media
87,-3.1874610340600853,55.943768933123984,120,-3.1876110340600854,55.94402874074512,bound.ends.matter
88,-3.1876110340600854,55.94402874074512,120,-3.1877610340600855,55.94428854836625,null
