1,-3.1878,55.9444,10,-3.1875045576740964,55.944452094453304,null
2,-3.1875045576740964,55.944452094453304,10,-3.1872091153481925,55.944504188906606,null
3,-3.1872091153481925,55.944504188906606,10,-3.1869136730222887,55.94455628335991,artist.gets.react
4,-3.1869136730222887,55.94455628335991,10,-3.186618230696385,55.94460837781321,null
5,-3.186618230696385,55.94460837781321,0,-3.1863182306963846,55.94460837781321,rated.fired.crowds
6,-3.1863182306963846,55.94460837781321,130,-3.1865110669792904,55.94483819114615,null
7,-3.1865110669792904,55.94483819114615,120,-3.1866610669792905,55.94509799876728,null
8,-3.1866610669792905,55.94509799876728,130,-3.1868539032621963,55.94532781210022,spent.spoon.bolt
9,-3.1868539032621963,55.94532781210022,70,-3.1867512972191987,55.945609719886455,hidden.handle.softly
10,-3.1867512972191987,55.945609719886455,330,-3.186491489598063,55.94545971988646,null
11,-3.186491489598063,55.94545971988646,320,-3.1862616762651275,55.94526688360355,null
12,-3.1862616762651275,55.94526688360355,330,-3.186001868643992,55.94511688360355,null
13,-3.186001868643992,55.94511688360355,320,-3.1857720553110562,55.94492404732065,null
14,-3.1857720553110562,55.94492404732065,330,-3.1855122476899207,55.94477404732065,null
15,-3.1855122476899207,55.94477404732065,320,-3.185282434356985,55.94458121103774,acid.chair.butter
16,-3.185282434356985,55.94458121103774,80,-3.185230339903685,55.94487665336365,null
17,-3.185230339903685,55.94487665336365,80,-3.185178245450385,55.94517209568956,null
18,-3.185178245450385,55.94517209568956,80,-3.185126150997085,55.945467538015464,null
19,-3.185126150997085,55.945467538015464,80,-3.185074056543785,55.94576298034137,rider.aura.bulb
20,-3.185074056543785,55.94576298034137,310,-3.184881220260879,55.945533167008435,null
21,-3.184881220260879,55.945533167008435,310,-3.1846883839779734,55.9453033536755,null
22,-3.1846883839779734,55.9453033536755,300,-3.1845383839779733,55.945043546054364,sports.topic.clocks
23,-3.1845383839779733,55.945043546054364,260,-3.1845904784312733,55.94474810372846,null
24,-3.1845904784312733,55.94474810372846,270,-3.1845904784312733,55.944448103728455,null
25,-3.1845904784312733,55.944448103728455,260,-3.1846425728845733,55.94415266140255,null
26,-3.1846425728845733,55.94415266140255,230,-3.184835409167479,55.94392284806961,rider.mile.lime
27,-3.184835409167479,55.94392284806961,280,-3.184783314714179,55.943627405743705,null
28,-3.184783314714179,55.943627405743705,270,-3.184783314714179,55.9433274057437,null
29,-3.184783314714179,55.9433274057437,280,-3.184731220260879,55.943031963417795,courier.assume.bill
30,-3.184731220260879,55.943031963417795,190,-3.185026662586783,55.94297986896449,null
31,-3.185026662586783,55.94297986896449,190,-3.1853221049126867,55.94292777451119,null
32,-3.1853221049126867,55.94292777451119,160,-3.1856040126989225,55.94303038055419,dent.shins.cycle
33,-3.1856040126989225,55.94303038055419,130,-3.1857968489818282,55.94326019388713,null
34,-3.1857968489818282,55.94326019388713,130,-3.185989685264734,55.94349000722006,null
35,-3.185989685264734,55.94349000722006,130,-3.18618252154764,55.943719820553,null
36,-3.18618252154764,55.943719820553,140,-3.1864123348805755,55.943912656835906,lime.learns.front
37,-3.1864123348805755,55.943912656835906,220,-3.186642148213511,55.943719820553,null
38,-3.186642148213511,55.943719820553,210,-3.1869019558346467,55.943569820553,null
39,-3.1869019558346467,55.943569820553,220,-3.1871317691675825,55.943376984270095,scale.chair.kinds
40,-3.1871317691675825,55.943376984270095,230,-3.1873246054504882,55.94314717093716,null
41,-3.1873246054504882,55.94314717093716,230,-3.187517441733394,55.94291735760422,null
42,-3.187517441733394,55.94291735760422,180,-3.187817441733394,55.94291735760422,panic.squad.danger
43,-3.187817441733394,55.94291735760422,340,-3.1875355339471585,55.94281475156122,null
44,-3.1875355339471585,55.94281475156122,350,-3.1872400916212547,55.94276265710792,null
45,-3.1872400916212547,55.94276265710792,0,-3.1869400916212545,55.94276265710792,strut.river.surely
46,-3.1869400916212545,55.94276265710792,120,-3.1870900916212546,55.943022464729054,null
47,-3.1870900916212546,55.943022464729054,110,-3.187192697664252,55.94330437251529,null
48,-3.187192697664252,55.94330437251529,120,-3.1873426976642523,55.94356418013643,shut.stands.media
49,-3.1873426976642523,55.94356418013643,160,-3.187624605450488,55.94366678617943,null
50,-3.187624605450488,55.94366678617943,170,-3.187920047776392,55.94371888063273,null
51,-3.187920047776392,55.94371888063273,120,-3.188070047776392,55.943978688253864,cubs.trucks.help
52,-3.188070047776392,55.943978688253864,220,-3.1882998611093276,55.94378585197096,null
53,-3.1882998611093276,55.94378585197096,220,-3.1885296744422633,55.94359301568805,null
54,-3.1885296744422633,55.94359301568805,190,-3.188825116768167,55.94354092123475,system.speak.guard
55,-3.188825116768167,55.94354092123475,300,-3.188675116768167,55.943281113613615,groups.ideas.script
56,-3.188675116768167,55.943281113613615,160,-3.1889570245544028,55.943383719656616,null
57,-3.1889570245544028,55.943383719656616,160,-3.1892389323406385,55.94348632569962,null
58,-3.1892389323406385,55.94348632569962,130,-3.1894317686235443,55.94371613903255,cars.attend.hotels
59,-3.1894317686235443,55.94371613903255,240,-3.1895817686235444,55.94345633141142,null
60,-3.1895817686235444,55.94345633141142,240,-3.1897317686235445,55.943196523790284,null
61,-3.1897317686235445,55.943196523790284,240,-3.1898817686235446,55.94293671616915,second.launch.miles
62,-3.1898817686235446,55.94293671616915,190,-3.1901772109494484,55.94288462171585,null
63,-3.1901772109494484,55.94288462171585,190,-3.1904726532753522,55.942832527262546,tonic.bliss.cove
64,-3.1904726532753522,55.942832527262546,130,-3.190665489558258,55.94306234059548,null
65,-3.190665489558258,55.94306234059548,130,-3.190858325841164,55.94329215392842,null
66,-3.190858325841164,55.94329215392842,130,-3.1910511621240696,55.943521967261354,loaf.cheer.slave
67,-3.1910511621240696,55.943521967261354,40,-3.190821348791134,55.94371480354426,null
68,-3.190821348791134,55.94371480354426,30,-3.1905615411699983,55.94386480354426,pump.wheels.hulk
69,-3.1905615411699983,55.94386480354426,130,-3.190754377452904,55.944094616877194,null
70,-3.190754377452904,55.944094616877194,130,-3.19094721373581,55.94432443021013,paying.crowd.weep
71,-3.19094721373581,55.94432443021013,100,-3.19099930818911,55.94461987253604,null
72,-3.19099930818911,55.94461987253604,90,-3.19099930818911,55.94491987253604,shapes.sheep.nature
73,-3.19099930818911,55.94491987253604,160,-3.1912812159753456,55.94502247857904,null
74,-3.1912812159753456,55.94502247857904,150,-3.191541023596481,55.94517247857904,hills.feels.tunes
75,-3.191541023596481,55.94517247857904,60,-3.191391023596481,55.94543228620017,null
76,-3.191391023596481,55.94543228620017,10,-3.1910955812705772,55.945484380653475,skins.engage.best
77,-3.1910955812705772,55.945484380653475,100,-3.1911476757238773,55.94577982297938,simple.rust.audio
78,-3.1911476757238773,55.94577982297938,350,-3.1908522333979734,55.94572772852608,null
79,-3.1908522333979734,55.94572772852608,350,-3.1905567910720696,55.94567563407278,null
80,-3.1905567910720696,55.94567563407278,350,-3.1902613487461657,55.945623539619476,null
81,-3.1902613487461657,55.945623539619476,340,-3.18997944095993,55.945520933576475,turkey.limit.ramp
82,-3.18997944095993,55.945520933576475,40,-3.1897496276269943,55.94571376985938,null
83,-3.1897496276269943,55.94571376985938,30,-3.189489820005859,55.94586376985938,coherent.saints.stuck
84,-3.189489820005859,55.94586376985938,10,-3.189194377679955,55.94591586431268,null
85,-3.189194377679955,55.94591586431268,10,-3.188898935354051,55.94596795876598,null
86,-3.188898935354051,55.94596795876598,10,-3.1886034930281473,55.946020053219286,boost.radar.stress
87,-3.1886034930281473,55.946020053219286,300,-3.188453493028147,55.94576024559815,null
88,-3.188453493028147,55.94576024559815,300,-3.188303493028147,55.94550043797702,null
89,-3.188303493028147,55.94550043797702,300,-3.188153493028147,55.94524063035588,null
90,-3.188153493028147,55.94524063035588,260,-3.188205587481447,55.944945188029976,agents.mile.crib
91,-3.188205587481447,55.944945188029976,230,-3.188398423764353,55.94471537469704,null
92,-3.188398423764353,55.94471537469704,240,-3.188548423764353,55.944455567075906,null
93,-3.188548423764353,55.944455567075906,230,-3.1887412600472587,55.94422575374297,null
94,-3.1887412600472587,55.94422575374297,240,-3.1888912600472588,55.943965946121835,noted.friday.jams
95,-3.1888912600472588,55.943965946121835,20,-3.188609352261023,55.944068552164836,null
96,-3.188609352261023,55.944068552164836,20,-3.1883274444747873,55.94417115820784,null
97,-3.1883274444747873,55.94417115820784,20,-3.1880455366885516,55.94427376425084,null
