1,-3.1878,55.9444,20,-3.1875180922137645,55.944502606043,null
2,-3.1875180922137645,55.944502606043,20,-3.1872361844275288,55.944605212086,null
3,-3.1872361844275288,55.944605212086,10,-3.186940742101625,55.944657306539305,null
4,-3.186940742101625,55.944657306539305,30,-3.1866809344804894,55.9448073065393,laws.merit.bleak
5,-3.1866809344804894,55.9448073065393,30,-3.186421126859354,55.9449573065393,null
6,-3.186421126859354,55.9449573065393,80,-3.186369032406054,55.94525274886521,null
7,-3.186369032406054,55.94525274886521,80,-3.186316937952754,55.945548191191115,null
8,-3.186316937952754,55.945548191191115,50,-3.186124101669848,55.94577800452405,posts.kicked.universally
9,-3.186124101669848,55.94577800452405,0,-3.185824101669848,55.94577800452405,null
10,-3.185824101669848,55.94577800452405,0,-3.1855241016698477,55.94577800452405,shed.desire.muddy
11,-3.1855241016698477,55.94577800452405,330,-3.185264294048712,55.94562800452405,null
12,-3.185264294048712,55.94562800452405,340,-3.1849823862624764,55.94552539848105,null
13,-3.1849823862624764,55.94552539848105,330,-3.184722578641341,55.945375398481055,null
14,-3.184722578641341,55.945375398481055,0,-3.1844225786413407,55.945375398481055,settle.title.united
15,-3.1844225786413407,55.945375398481055,220,-3.1846523919742764,55.94518256219815,null
16,-3.1846523919742764,55.94518256219815,220,-3.184882205307212,55.94498972591524,null
17,-3.184882205307212,55.94498972591524,220,-3.185112018640148,55.944796889632336,null
18,-3.185112018640148,55.944796889632336,220,-3.1853418319730835,55.94460405334943,null
19,-3.1853418319730835,55.94460405334943,220,-3.185571645306019,55.94441121706652,atoms.vanish.foods
20,-3.185571645306019,55.94441121706652,200,-3.185853553092255,55.94430861102352,null
21,-3.185853553092255,55.94430861102352,160,-3.1861354608784906,55.94441121706652,organs.shape.fantastic
22,-3.1861354608784906,55.94441121706652,280,-3.1860833664251906,55.94411577474062,null
23,-3.1860833664251906,55.94411577474062,250,-3.1861859724681882,55.94383386695438,teams.mild.played
24,-3.1861859724681882,55.94383386695438,350,-3.1858905301422844,55.943781772501076,null
25,-3.1858905301422844,55.943781772501076,350,-3.1855950878163806,55.943729678047774,null
26,-3.1855950878163806,55.943729678047774,350,-3.1852996454904767,55.94367758359447,hello.love.keys
27,-3.1852996454904767,55.94367758359447,310,-3.185106809207571,55.943447770261535,null
28,-3.185106809207571,55.943447770261535,310,-3.184913972924665,55.9432179569286,null
29,-3.184913972924665,55.9432179569286,270,-3.184913972924665,55.942917956928596,courier.assume.bill
30,-3.184913972924665,55.942917956928596,180,-3.1852139729246653,55.942917956928596,null
31,-3.1852139729246653,55.942917956928596,190,-3.185509415250569,55.942865862475294,dent.shins.cycle
32,-3.185509415250569,55.942865862475294,80,-3.185457320797269,55.9431613048012,toned.deflection.bland
33,-3.185457320797269,55.9431613048012,190,-3.185752763123173,55.9431092103479,null
34,-3.185752763123173,55.9431092103479,190,-3.186048205449077,55.9430571158946,null
35,-3.186048205449077,55.9430571158946,200,-3.1863301132353126,55.942954509851596,hers.banks.goat
36,-3.1863301132353126,55.942954509851596,200,-3.1866120210215483,55.942851903808595,null
37,-3.1866120210215483,55.942851903808595,200,-3.186893928807784,55.942749297765594,strut.river.surely
38,-3.186893928807784,55.942749297765594,100,-3.186946023261084,55.9430447400915,valve.elaborate.fortunate
39,-3.186946023261084,55.9430447400915,180,-3.187246023261084,55.9430447400915,null
40,-3.187246023261084,55.9430447400915,180,-3.1875460232610844,55.9430447400915,null
41,-3.1875460232610844,55.9430447400915,180,-3.1878460232610846,55.9430447400915,null
42,-3.1878460232610846,55.9430447400915,170,-3.1881414655869884,55.943096834544804,null
43,-3.1881414655869884,55.943096834544804,180,-3.1884414655869886,55.943096834544804,groups.ideas.script
44,-3.1884414655869886,55.943096834544804,190,-3.1887369079128924,55.9430447400915,null
45,-3.1887369079128924,55.9430447400915,180,-3.1890369079128926,55.9430447400915,region.passes.pencil
46,-3.1890369079128926,55.9430447400915,130,-3.1892297441957984,55.94327455342444,null
47,-3.1892297441957984,55.94327455342444,140,-3.189459557528734,55.943467389707344,cars.attend.hotels
48,-3.189459557528734,55.943467389707344,180,-3.1897595575287343,55.943467389707344,null
49,-3.1897595575287343,55.943467389707344,180,-3.1900595575287345,55.943467389707344,arts.dish.scarcely
50,-3.1900595575287345,55.943467389707344,130,-3.1902523938116403,55.94369720304028,null
51,-3.1902523938116403,55.94369720304028,120,-3.1904023938116404,55.943957010661414,pump.wheels.hulk
52,-3.1904023938116404,55.943957010661414,220,-3.190632207144576,55.94376417437851,null
53,-3.190632207144576,55.94376417437851,220,-3.1908620204775118,55.9435713380956,null
54,-3.1908620204775118,55.9435713380956,210,-3.1911218280986473,55.943421338095604,meal.feed.large
55,-3.1911218280986473,55.943421338095604,90,-3.1911218280986473,55.94372133809561,null
56,-3.1911218280986473,55.94372133809561,90,-3.1911218280986473,55.94402133809561,null
57,-3.1911218280986473,55.94402133809561,80,-3.1910697336453473,55.94431678042152,paying.crowd.weep
58,-3.1910697336453473,55.94431678042152,120,-3.1912197336453474,55.94457658804265,null
59,-3.1912197336453474,55.94457658804265,120,-3.1913697336453475,55.944836395663785,null
60,-3.1913697336453475,55.944836395663785,120,-3.1915197336453476,55.94509620328492,hills.feels.tunes
61,-3.1915197336453476,55.94509620328492,180,-3.1918197336453478,55.94509620328492,null
62,-3.1918197336453478,55.94509620328492,180,-3.192119733645348,55.94509620328492,useful.hike.trades
63,-3.192119733645348,55.94509620328492,80,-3.192067639192048,55.945391645610826,null
64,-3.192067639192048,55.945391645610826,70,-3.1919650331490503,55.945673553397064,null
65,-3.1919650331490503,55.945673553397064,80,-3.1919129386957503,55.94596899572297,stone.undulation.poems
66,-3.1919129386957503,55.94596899572297,330,-3.191653131074615,55.94581899572297,null
67,-3.191653131074615,55.94581899572297,330,-3.1913933234534793,55.945668995722976,skins.engage.best
68,-3.1913933234534793,55.945668995722976,310,-3.1912004871705735,55.94543918239004,null
69,-3.1912004871705735,55.94543918239004,280,-3.1911483927172735,55.94514374006413,maple.limit.hotels
70,-3.1911483927172735,55.94514374006413,20,-3.1908664849310377,55.94524634610713,null
71,-3.1908664849310377,55.94524634610713,20,-3.190584577144802,55.945348952150134,jump.crop.fits
72,-3.190584577144802,55.945348952150134,50,-3.1903917408618963,55.94557876548307,null
73,-3.1903917408618963,55.94557876548307,50,-3.1901989045789905,55.945808578816006,null
74,-3.1901989045789905,55.945808578816006,40,-3.1899690912460548,55.94600141509891,love.behind.orchestra
75,-3.1899690912460548,55.94600141509891,0,-3.1896690912460546,55.94600141509891,null
76,-3.1896690912460546,55.94600141509891,0,-3.1893690912460544,55.94600141509891,null
77,-3.1893690912460544,55.94600141509891,0,-3.189069091246054,55.94600141509891,null
78,-3.189069091246054,55.94600141509891,10,-3.1887736489201504,55.946053509552215,null
79,-3.1887736489201504,55.946053509552215,0,-3.18847364892015,55.946053509552215,boost.radar.stress
80,-3.18847364892015,55.946053509552215,350,-3.1881782065942463,55.94600141509891,null
81,-3.1881782065942463,55.94600141509891,0,-3.187878206594246,55.94600141509891,null
82,-3.187878206594246,55.94600141509891,350,-3.1875827642683423,55.94594932064561,slips.mass.baking
83,-3.1875827642683423,55.94594932064561,190,-3.187878206594246,55.94589722619231,null
84,-3.187878206594246,55.94589722619231,190,-3.18817364892015,55.945845131739006,null
85,-3.18817364892015,55.945845131739006,190,-3.188469091246054,55.9457930372857,null
86,-3.188469091246054,55.9457930372857,190,-3.1887645335719577,55.9457409428324,stops.else.chats
87,-3.1887645335719577,55.9457409428324,240,-3.1889145335719578,55.94548113521127,null
88,-3.1889145335719578,55.94548113521127,240,-3.189064533571958,55.94522132759013,null
89,-3.189064533571958,55.94522132759013,240,-3.189214533571958,55.944961519969,null
90,-3.189214533571958,55.944961519969,240,-3.189364533571958,55.944701712347864,null
91,-3.189364533571958,55.944701712347864,230,-3.189557369854864,55.94447189901493,null
92,-3.189557369854864,55.94447189901493,240,-3.189707369854864,55.944212091393794,cliff.asleep.wedge
93,-3.189707369854864,55.944212091393794,340,-3.189425462068628,55.94410948535079,null
94,-3.189425462068628,55.94410948535079,340,-3.1891435542823925,55.94400687930779,null
95,-3.1891435542823925,55.94400687930779,340,-3.1888616464961568,55.94390427326479,null
96,-3.1888616464961568,55.94390427326479,340,-3.188579738709921,55.94380166722179,null
97,-3.188579738709921,55.94380166722179,330,-3.1883199310887855,55.94365166722179,null
98,-3.1883199310887855,55.94365166722179,340,-3.18803802330255,55.94354906117879,scare.cubs.resort
99,-3.18803802330255,55.94354906117879,70,-3.187935417259552,55.94383096896503,null
100,-3.187935417259552,55.94383096896503,80,-3.187883322806252,55.94412641129094,null
