1,-3.1878,55.9444,260,-3.1878520944533,55.944104557674095,null
2,-3.1878520944533,55.944104557674095,260,-3.1879041889066,55.94380911534819,null
3,-3.1879041889066,55.94380911534819,260,-3.1879562833599002,55.94351367302228,scare.cubs.resort
4,-3.1879562833599002,55.94351367302228,290,-3.1878536773169026,55.94323176523604,null
5,-3.1878536773169026,55.94323176523604,290,-3.187751071273905,55.942949857449804,panic.squad.danger
6,-3.187751071273905,55.942949857449804,40,-3.1875212579409693,55.94314269373271,null
7,-3.1875212579409693,55.94314269373271,30,-3.1872614503198338,55.94329269373271,scale.chair.kinds
8,-3.1872614503198338,55.94329269373271,300,-3.1871114503198337,55.943032886111574,valve.elaborate.fortunate
9,-3.1871114503198337,55.943032886111574,290,-3.187008844276836,55.942750978325336,strut.river.surely
10,-3.187008844276836,55.942750978325336,20,-3.1867269364906003,55.942853584368336,null
11,-3.1867269364906003,55.942853584368336,20,-3.1864450287043646,55.94295619041134,hers.banks.goat
12,-3.1864450287043646,55.94295619041134,10,-3.186149586378461,55.94300828486464,null
13,-3.186149586378461,55.94300828486464,10,-3.185854144052557,55.94306037931794,null
14,-3.185854144052557,55.94306037931794,10,-3.185558701726653,55.943112473771244,null
15,-3.185558701726653,55.943112473771244,0,-3.185258701726653,55.943112473771244,null
16,-3.185258701726653,55.943112473771244,10,-3.184963259400749,55.943164568224546,brings.remedy.latter
17,-3.184963259400749,55.943164568224546,120,-3.185113259400749,55.94342437584568,null
18,-3.185113259400749,55.94342437584568,130,-3.185306095683655,55.943654189178616,null
19,-3.185306095683655,55.943654189178616,120,-3.185456095683655,55.94391399679975,manliness.poem.cliff
20,-3.185456095683655,55.94391399679975,60,-3.185306095683655,55.944173804420885,null
21,-3.185306095683655,55.944173804420885,50,-3.185113259400749,55.94440361775382,null
22,-3.185113259400749,55.94440361775382,60,-3.184963259400749,55.944663425374955,null
23,-3.184963259400749,55.944663425374955,50,-3.1847704231178433,55.94489323870789,null
24,-3.1847704231178433,55.94489323870789,60,-3.184620423117843,55.945153046329025,settle.title.united
25,-3.184620423117843,55.945153046329025,120,-3.1847704231178433,55.94541285395016,null
26,-3.1847704231178433,55.94541285395016,120,-3.1849204231178434,55.945672661571294,null
27,-3.1849204231178434,55.945672661571294,90,-3.1849204231178434,55.9459726615713,rider.aura.bulb
28,-3.1849204231178434,55.9459726615713,200,-3.185202330904079,55.945870055528296,null
29,-3.185202330904079,55.945870055528296,190,-3.185497773229983,55.945817961074994,shed.desire.muddy
30,-3.185497773229983,55.945817961074994,180,-3.185797773229983,55.945817961074994,null
31,-3.185797773229983,55.945817961074994,190,-3.186093215555887,55.94576586662169,null
32,-3.186093215555887,55.94576586662169,140,-3.1863230288888227,55.9459587029046,posts.kicked.universally
33,-3.1863230288888227,55.9459587029046,220,-3.1865528422217584,55.94576586662169,null
34,-3.1865528422217584,55.94576586662169,180,-3.1868528422217586,55.94576586662169,hidden.handle.softly
35,-3.1868528422217586,55.94576586662169,260,-3.1869049366750586,55.945470424295785,spent.spoon.bolt
36,-3.1869049366750586,55.945470424295785,300,-3.1867549366750585,55.94521061667465,null
37,-3.1867549366750585,55.94521061667465,310,-3.1865621003921527,55.944980803341714,laws.merit.bleak
38,-3.1865621003921527,55.944980803341714,300,-3.1864121003921526,55.94472099572058,rated.fired.crowds
39,-3.1864121003921526,55.94472099572058,200,-3.1866940081783883,55.94461838967758,artist.gets.react
40,-3.1866940081783883,55.94461838967758,190,-3.186989450504292,55.94456629522428,null
41,-3.186989450504292,55.94456629522428,190,-3.187284892830196,55.944514200770975,null
42,-3.187284892830196,55.944514200770975,190,-3.1875803351561,55.94446210631767,null
43,-3.1875803351561,55.94446210631767,160,-3.1878622429423356,55.94456471236067,thank.salsa.brain
44,-3.1878622429423356,55.94456471236067,80,-3.1878101484890355,55.94486015468658,hurt.green.filer
45,-3.1878101484890355,55.94486015468658,130,-3.1880029847719413,55.945089968019516,null
46,-3.1880029847719413,55.945089968019516,120,-3.1881529847719414,55.94534977564065,null
47,-3.1881529847719414,55.94534977564065,130,-3.188345821054847,55.94557958897359,null
48,-3.188345821054847,55.94557958897359,90,-3.188345821054847,55.94587958897359,bend.tubes.chops
49,-3.188345821054847,55.94587958897359,180,-3.1886458210548474,55.94587958897359,null
50,-3.1886458210548474,55.94587958897359,170,-3.1889412633807512,55.94593168342689,null
51,-3.1889412633807512,55.94593168342689,180,-3.1892412633807514,55.94593168342689,coherent.saints.stuck
52,-3.1892412633807514,55.94593168342689,190,-3.1895367057066553,55.94587958897359,null
53,-3.1895367057066553,55.94587958897359,190,-3.189832148032559,55.94582749452029,null
54,-3.189832148032559,55.94582749452029,190,-3.190127590358463,55.945775400066985,null
55,-3.190127590358463,55.945775400066985,190,-3.1904230326843668,55.94572330561368,null
56,-3.1904230326843668,55.94572330561368,190,-3.1907184750102706,55.94567121116038,null
57,-3.1907184750102706,55.94567121116038,190,-3.1910139173361745,55.94561911670708,null
58,-3.1910139173361745,55.94561911670708,150,-3.19127372495731,55.945769116707076,skins.engage.best
59,-3.19127372495731,55.945769116707076,300,-3.19112372495731,55.94550930908594,null
60,-3.19112372495731,55.94550930908594,260,-3.19117581941061,55.945213866760035,maple.limit.hotels
61,-3.19117581941061,55.945213866760035,270,-3.19117581941061,55.94491386676003,shapes.sheep.nature
62,-3.19117581941061,55.94491386676003,260,-3.19122791386391,55.944618424434125,estate.gave.votes
63,-3.19122791386391,55.944618424434125,280,-3.19117581941061,55.94432298210822,hills.giant.crate
64,-3.19117581941061,55.94432298210822,280,-3.19112372495731,55.94402753978231,null
65,-3.19112372495731,55.94402753978231,270,-3.19112372495731,55.94372753978231,loaf.cheer.slave
66,-3.19112372495731,55.94372753978231,260,-3.19117581941061,55.9434320974564,meal.feed.large
67,-3.19117581941061,55.9434320974564,270,-3.19117581941061,55.9431320974564,null
68,-3.19117581941061,55.9431320974564,270,-3.19117581941061,55.942832097456396,along.spill.limp
69,-3.19117581941061,55.942832097456396,30,-3.1909160117894744,55.942982097456394,null
70,-3.1909160117894744,55.942982097456394,0,-3.190616011789474,55.942982097456394,relate.chill.vest
71,-3.190616011789474,55.942982097456394,340,-3.1903341040032385,55.94287949141339,null
72,-3.1903341040032385,55.94287949141339,340,-3.1900521962170028,55.94277688537039,null
73,-3.1900521962170028,55.94277688537039,340,-3.189770288430767,55.94267427932739,hooked.shine.third
74,-3.189770288430767,55.94267427932739,90,-3.189770288430767,55.942974279327395,second.launch.miles
75,-3.189770288430767,55.942974279327395,40,-3.1895404750978313,55.9431671156103,null
76,-3.1895404750978313,55.9431671156103,40,-3.1893106617648956,55.94335995189321,null
77,-3.1893106617648956,55.94335995189321,30,-3.18905085414376,55.943509951893205,null
78,-3.18905085414376,55.943509951893205,0,-3.18875085414376,55.943509951893205,labels.hotels.alert
79,-3.18875085414376,55.943509951893205,40,-3.188521040810824,55.94370278817611,null
80,-3.188521040810824,55.94370278817611,40,-3.1882912274778885,55.94389562445902,null
81,-3.1882912274778885,55.94389562445902,50,-3.1880983911949827,55.94412543779195,null
82,-3.1880983911949827,55.94412543779195,40,-3.187868577862047,55.94431827407486,null
