1,-3.1878,55.9444,260,-3.1878520944533,55.944104557674095,null
2,-3.1878520944533,55.944104557674095,260,-3.1879041889066,55.94380911534819,null
3,-3.1879041889066,55.94380911534819,260,-3.1879562833599002,55.94351367302228,scare.cubs.resort
4,-3.1879562833599002,55.94351367302228,290,-3.1878536773169026,55.94323176523604,gums.clock.modes
5,-3.1878536773169026,55.94323176523604,330,-3.187593869695767,55.943081765236045,null
6,-3.187593869695767,55.943081765236045,330,-3.1873340620746315,55.94293176523605,null
7,-3.1873340620746315,55.94293176523605,330,-3.187074254453496,55.94278176523605,strut.river.surely
8,-3.187074254453496,55.94278176523605,90,-3.187074254453496,55.94308176523605,null
9,-3.187074254453496,55.94308176523605,90,-3.187074254453496,55.943381765236055,null
10,-3.187074254453496,55.943381765236055,80,-3.187022160000196,55.94367720756196,null
11,-3.187022160000196,55.94367720756196,90,-3.187022160000196,55.943977207561964,renew.ears.tend
12,-3.187022160000196,55.943977207561964,10,-3.186726717674292,55.94402930201527,null
13,-3.186726717674292,55.94402930201527,10,-3.1864312753483883,55.94408139646857,null
14,-3.1864312753483883,55.94408139646857,20,-3.1861493675621526,55.94418400251157,null
15,-3.1861493675621526,55.94418400251157,100,-3.1862014620154526,55.94447944483748,null
16,-3.1862014620154526,55.94447944483748,100,-3.1862535564687526,55.94477488716338,rated.fired.crowds
17,-3.1862535564687526,55.94477488716338,320,-3.186023743135817,55.94458205088048,null
18,-3.186023743135817,55.94458205088048,310,-3.185830906852911,55.94435223754754,null
19,-3.185830906852911,55.94435223754754,320,-3.1856010935199754,55.944159401264635,null
20,-3.1856010935199754,55.944159401264635,310,-3.1854082572370697,55.9439295879317,null
21,-3.1854082572370697,55.9439295879317,320,-3.185178443904134,55.94373675164879,hello.love.keys
22,-3.185178443904134,55.94373675164879,310,-3.184985607621228,55.943506938315856,sentences.sings.modern
23,-3.184985607621228,55.943506938315856,80,-3.184933513167928,55.94380238064176,null
24,-3.184933513167928,55.94380238064176,70,-3.1848309071249306,55.944084288428,null
25,-3.1848309071249306,55.944084288428,80,-3.1847788126716305,55.94437973075391,null
26,-3.1847788126716305,55.94437973075391,70,-3.184676206628633,55.94466163854015,null
27,-3.184676206628633,55.94466163854015,80,-3.184624112175333,55.944957080866054,null
28,-3.184624112175333,55.944957080866054,70,-3.1845215061323353,55.94523898865229,settle.title.united
29,-3.1845215061323353,55.94523898865229,150,-3.184781313753471,55.94538898865229,null
30,-3.184781313753471,55.94538898865229,150,-3.1850411213746064,55.94553898865229,null
31,-3.1850411213746064,55.94553898865229,150,-3.185300928995742,55.945688988652286,null
32,-3.185300928995742,55.945688988652286,150,-3.1855607366168774,55.945838988652284,null
33,-3.1855607366168774,55.945838988652284,140,-3.185790549949813,55.94603182493519,renew.slows.basket
34,-3.185790549949813,55.94603182493519,210,-3.1860503575709487,55.94588182493519,null
35,-3.1860503575709487,55.94588182493519,210,-3.186310165192084,55.945731824935194,null
36,-3.186310165192084,55.945731824935194,210,-3.1865699728132197,55.945581824935196,null
37,-3.1865699728132197,55.945581824935196,200,-3.1868518805994555,55.945479218892196,spent.spoon.bolt
38,-3.1868518805994555,55.945479218892196,160,-3.187133788385691,55.945581824935196,null
39,-3.187133788385691,55.945581824935196,190,-3.187429230711595,55.945529730481894,null
40,-3.187429230711595,55.945529730481894,190,-3.187724673037499,55.94547763602859,null
41,-3.187724673037499,55.94547763602859,180,-3.188024673037499,55.94547763602859,null
42,-3.188024673037499,55.94547763602859,220,-3.1882544863704347,55.945284799745686,null
43,-3.1882544863704347,55.945284799745686,310,-3.188061650087529,55.94505498641275,agents.mile.crib
44,-3.188061650087529,55.94505498641275,120,-3.188211650087529,55.945314794033884,null
45,-3.188211650087529,55.945314794033884,80,-3.188159555634229,55.94561023635979,skills.less.herb
46,-3.188159555634229,55.94561023635979,150,-3.1884193632553646,55.94576023635979,bend.tubes.chops
47,-3.1884193632553646,55.94576023635979,120,-3.1885693632553647,55.94602004398092,boost.radar.stress
48,-3.1885693632553647,55.94602004398092,190,-3.1888648055812685,55.94596794952762,null
49,-3.1888648055812685,55.94596794952762,180,-3.1891648055812687,55.94596794952762,null
50,-3.1891648055812687,55.94596794952762,150,-3.1894246132024042,55.94611794952762,coherent.saints.stuck
51,-3.1894246132024042,55.94611794952762,280,-3.189372518749104,55.94582250720171,museum.spicy.horns
52,-3.189372518749104,55.94582250720171,280,-3.189320424295804,55.945527064875805,null
53,-3.189320424295804,55.945527064875805,290,-3.1892178182528066,55.945245157089566,number.exist.rate
54,-3.1892178182528066,55.945245157089566,160,-3.1894997260390423,55.94534776313257,null
55,-3.1894997260390423,55.94534776313257,160,-3.189781633825278,55.94545036917557,turkey.limit.ramp
56,-3.189781633825278,55.94545036917557,170,-3.190077076151182,55.94550246362887,null
57,-3.190077076151182,55.94550246362887,160,-3.1903589839374176,55.94560506967187,null
58,-3.1903589839374176,55.94560506967187,170,-3.1906544262633214,55.94565716412517,null
59,-3.1906544262633214,55.94565716412517,160,-3.190936334049557,55.94575977016817,null
60,-3.190936334049557,55.94575977016817,170,-3.191231776375461,55.945811864621476,null
61,-3.191231776375461,55.945811864621476,160,-3.1915136841616967,55.945914470664476,null
62,-3.1915136841616967,55.945914470664476,170,-3.1918091264876005,55.94596656511778,stone.undulation.poems
63,-3.1918091264876005,55.94596656511778,310,-3.1916162902046947,55.94573675178484,null
64,-3.1916162902046947,55.94573675178484,310,-3.191423453921789,55.945506938451906,null
65,-3.191423453921789,55.945506938451906,310,-3.191230617638883,55.94527712511897,null
66,-3.191230617638883,55.94527712511897,310,-3.1910377813559774,55.945047311786034,shapes.sheep.nature
67,-3.1910377813559774,55.945047311786034,270,-3.1910377813559774,55.94474731178603,estate.gave.votes
68,-3.1910377813559774,55.94474731178603,260,-3.1910898758092774,55.944451869460124,paying.crowd.weep
69,-3.1910898758092774,55.944451869460124,270,-3.1910898758092774,55.94415186946012,null
70,-3.1910898758092774,55.94415186946012,260,-3.1911419702625774,55.943856427134214,null
71,-3.1911419702625774,55.943856427134214,270,-3.1911419702625774,55.94355642713421,meal.feed.large
72,-3.1911419702625774,55.94355642713421,270,-3.1911419702625774,55.94325642713421,null
73,-3.1911419702625774,55.94325642713421,270,-3.1911419702625774,55.942956427134206,null
74,-3.1911419702625774,55.942956427134206,230,-3.191334806545483,55.94272661380127,along.spill.limp
75,-3.191334806545483,55.94272661380127,30,-3.1910749989243476,55.94287661380127,null
76,-3.1910749989243476,55.94287661380127,30,-3.190815191303212,55.943026613801266,relate.chill.vest
77,-3.190815191303212,55.943026613801266,30,-3.1905553836820766,55.94317661380126,null
78,-3.1905553836820766,55.94317661380126,40,-3.190325570349141,55.94336945008417,arts.dish.scarcely
79,-3.190325570349141,55.94336945008417,50,-3.190132734066235,55.943599263417106,null
80,-3.190132734066235,55.943599263417106,60,-3.189982734066235,55.94385907103824,null
81,-3.189982734066235,55.94385907103824,20,-3.1897008262799993,55.94396167708124,cliff.asleep.wedge
82,-3.1897008262799993,55.94396167708124,270,-3.1897008262799993,55.94366167708124,burn.spot.across
83,-3.1897008262799993,55.94366167708124,250,-3.189803432322997,55.943379769295,null
84,-3.189803432322997,55.943379769295,260,-3.189855526776297,55.94308432696909,second.launch.miles
85,-3.189855526776297,55.94308432696909,20,-3.189573618990061,55.94318693301209,null
86,-3.189573618990061,55.94318693301209,0,-3.189273618990061,55.94318693301209,rents.cone.stove
87,-3.189273618990061,55.94318693301209,350,-3.188978176664157,55.94313483855879,null
88,-3.188978176664157,55.94313483855879,0,-3.188678176664157,55.94313483855879,groups.ideas.script
89,-3.188678176664157,55.94313483855879,50,-3.188485340381251,55.94336465189173,null
90,-3.188485340381251,55.94336465189173,50,-3.1882925040983454,55.94359446522466,null
91,-3.1882925040983454,55.94359446522466,10,-3.1879970617724416,55.943646559677966,cubs.trucks.help
92,-3.1879970617724416,55.943646559677966,120,-3.1881470617724417,55.9439063672991,rush.crown.link
93,-3.1881470617724417,55.9439063672991,50,-3.187954225489536,55.944136180632036,null
94,-3.187954225489536,55.944136180632036,60,-3.187804225489536,55.94439598825317,null
