1,-3.1878,55.9444,230,-3.187992836282906,55.944170186667066,null
2,-3.187992836282906,55.944170186667066,230,-3.1881856725658118,55.94394037333413,null
3,-3.1881856725658118,55.94394037333413,230,-3.1883785088487175,55.94371056000119,null
4,-3.1883785088487175,55.94371056000119,220,-3.1886083221816532,55.94351772371829,system.speak.guard
5,-3.1886083221816532,55.94351772371829,200,-3.188890229967889,55.943415117675286,null
6,-3.188890229967889,55.943415117675286,200,-3.1891721377541247,55.943312511632286,null
7,-3.1891721377541247,55.943312511632286,150,-3.18943194537526,55.94346251163228,rents.cone.stove
8,-3.18943194537526,55.94346251163228,110,-3.189534551418258,55.94374441941852,cars.attend.hotels
9,-3.189534551418258,55.94374441941852,250,-3.1896371574612554,55.94346251163228,null
10,-3.1896371574612554,55.94346251163228,240,-3.1897871574612555,55.94320270401115,null
11,-3.1897871574612555,55.94320270401115,250,-3.189889763504253,55.94292079622491,second.launch.miles
12,-3.189889763504253,55.94292079622491,260,-3.189941857957553,55.942625353899004,hooked.shine.third
13,-3.189941857957553,55.942625353899004,110,-3.1900444640005508,55.94290726168524,null
14,-3.1900444640005508,55.94290726168524,110,-3.1901470700435484,55.94318916947148,null
15,-3.1901470700435484,55.94318916947148,70,-3.1900444640005508,55.94347107725772,arts.dish.scarcely
16,-3.1900444640005508,55.94347107725772,210,-3.1903042716216863,55.94332107725772,null
17,-3.1903042716216863,55.94332107725772,210,-3.190564079242822,55.94317107725772,null
18,-3.190564079242822,55.94317107725772,220,-3.1907938925757575,55.94297824097482,null
19,-3.1907938925757575,55.94297824097482,210,-3.191053700196893,55.94282824097482,along.spill.limp
20,-3.191053700196893,55.94282824097482,90,-3.191053700196893,55.94312824097482,null
21,-3.191053700196893,55.94312824097482,100,-3.191105794650193,55.94342368330073,null
22,-3.191105794650193,55.94342368330073,60,-3.190955794650193,55.94368349092186,loaf.cheer.slave
23,-3.190955794650193,55.94368349092186,110,-3.1910584006931906,55.9439653987081,null
24,-3.1910584006931906,55.9439653987081,70,-3.190955794650193,55.94424730649434,hills.giant.crate
25,-3.190955794650193,55.94424730649434,320,-3.1907259813172573,55.944054470211434,null
26,-3.1907259813172573,55.944054470211434,320,-3.1904961679843216,55.94386163392853,null
27,-3.1904961679843216,55.94386163392853,0,-3.1901961679843214,55.94386163392853,sculpture.shot.melon
28,-3.1901961679843214,55.94386163392853,0,-3.189896167984321,55.94386163392853,null
29,-3.189896167984321,55.94386163392853,0,-3.189596167984321,55.94386163392853,null
30,-3.189596167984321,55.94386163392853,10,-3.189300725658417,55.94391372838183,null
31,-3.189300725658417,55.94391372838183,0,-3.189000725658417,55.94391372838183,noted.friday.jams
32,-3.189000725658417,55.94391372838183,120,-3.189150725658417,55.944173536002964,spoon.invest.every
33,-3.189150725658417,55.944173536002964,10,-3.1888552833325132,55.944225630456266,null
34,-3.1888552833325132,55.944225630456266,10,-3.1885598410066094,55.94427772490957,trades.rare.cable
35,-3.1885598410066094,55.94427772490957,100,-3.1886119354599094,55.944573167235475,null
36,-3.1886119354599094,55.944573167235475,100,-3.1886640299132094,55.94486860956138,null
37,-3.1886640299132094,55.94486860956138,100,-3.1887161243665094,55.94516405188729,rooms.lamp.teach
38,-3.1887161243665094,55.94516405188729,110,-3.188818730409507,55.94544595967353,null
39,-3.188818730409507,55.94544595967353,70,-3.1887161243665094,55.945727867459766,stops.else.chats
40,-3.1887161243665094,55.945727867459766,190,-3.1890115666924133,55.945675773006464,null
41,-3.1890115666924133,55.945675773006464,180,-3.1893115666924134,55.945675773006464,museum.spicy.horns
42,-3.1893115666924134,55.945675773006464,70,-3.189208960649416,55.9459576807927,coherent.saints.stuck
43,-3.189208960649416,55.9459576807927,170,-3.1895044029753197,55.946009775246004,null
44,-3.1895044029753197,55.946009775246004,180,-3.18980440297532,55.946009775246004,love.behind.orchestra
45,-3.18980440297532,55.946009775246004,0,-3.1895044029753197,55.946009775246004,null
46,-3.1895044029753197,55.946009775246004,0,-3.1892044029753195,55.946009775246004,null
47,-3.1892044029753195,55.946009775246004,0,-3.1889044029753193,55.946009775246004,null
48,-3.1889044029753193,55.946009775246004,10,-3.1886089606494155,55.94606186969931,boost.radar.stress
49,-3.1886089606494155,55.94606186969931,300,-3.1884589606494154,55.94580206207817,null
50,-3.1884589606494154,55.94580206207817,300,-3.1883089606494153,55.94554225445704,skills.less.herb
51,-3.1883089606494153,55.94554225445704,20,-3.1880270528631796,55.94564486050004,null
52,-3.1880270528631796,55.94564486050004,30,-3.187767245242044,55.94579486050004,null
53,-3.187767245242044,55.94579486050004,20,-3.1874853374558083,55.94589746654304,slips.mass.baking
54,-3.1874853374558083,55.94589746654304,320,-3.1872555241228726,55.94570463026013,null
55,-3.1872555241228726,55.94570463026013,320,-3.187025710789937,55.945511793977225,spent.spoon.bolt
56,-3.187025710789937,55.945511793977225,10,-3.186730268464033,55.94556388843053,null
57,-3.186730268464033,55.94556388843053,10,-3.1864348261381292,55.94561598288383,null
58,-3.1864348261381292,55.94561598288383,10,-3.1861393838122254,55.94566807733713,null
59,-3.1861393838122254,55.94566807733713,10,-3.1858439414863216,55.945720171790434,null
60,-3.1858439414863216,55.945720171790434,10,-3.1855484991604177,55.945772266243736,null
61,-3.1855484991604177,55.945772266243736,10,-3.185253056834514,55.94582436069704,null
62,-3.185253056834514,55.94582436069704,0,-3.1849530568345137,55.94582436069704,rider.aura.bulb
63,-3.1849530568345137,55.94582436069704,260,-3.1850051512878137,55.94552891837113,null
64,-3.1850051512878137,55.94552891837113,260,-3.1850572457411137,55.945233476045225,null
65,-3.1850572457411137,55.945233476045225,250,-3.1851598517841113,55.944951568258986,null
66,-3.1851598517841113,55.944951568258986,260,-3.1852119462374113,55.94465612593308,acid.chair.butter
67,-3.1852119462374113,55.94465612593308,210,-3.185471753858547,55.94450612593308,null
68,-3.185471753858547,55.94450612593308,180,-3.185771753858547,55.94450612593308,atoms.vanish.foods
69,-3.185771753858547,55.94450612593308,300,-3.185621753858547,55.94424631831195,null
70,-3.185621753858547,55.94424631831195,260,-3.185673848311847,55.94395087598604,manliness.poem.cliff
71,-3.185673848311847,55.94395087598604,0,-3.185373848311847,55.94395087598604,null
72,-3.185373848311847,55.94395087598604,350,-3.185078405985943,55.94389878153274,null
73,-3.185078405985943,55.94389878153274,0,-3.1847784059859428,55.94389878153274,rider.mile.lime
74,-3.1847784059859428,55.94389878153274,250,-3.1848810120289404,55.9436168737465,sentences.sings.modern
75,-3.1848810120289404,55.9436168737465,280,-3.1848289175756404,55.94332143142059,null
76,-3.1848289175756404,55.94332143142059,280,-3.1847768231223403,55.943025989094686,courier.assume.bill
77,-3.1847768231223403,55.943025989094686,190,-3.185072265448244,55.94297389464138,null
78,-3.185072265448244,55.94297389464138,190,-3.185367707774148,55.94292180018808,null
79,-3.185367707774148,55.94292180018808,160,-3.1856496155603837,55.94302440623108,dent.shins.cycle
80,-3.1856496155603837,55.94302440623108,190,-3.1859450578862876,55.94297231177778,null
81,-3.1859450578862876,55.94297231177778,180,-3.1862450578862878,55.94297231177778,hers.banks.goat
82,-3.1862450578862878,55.94297231177778,120,-3.186395057886288,55.943232119398914,null
83,-3.186395057886288,55.943232119398914,110,-3.1864976639292855,55.94351402718515,null
84,-3.1864976639292855,55.94351402718515,140,-3.186727477262221,55.94370686346806,null
85,-3.186727477262221,55.94370686346806,140,-3.186957290595157,55.943899699750965,renew.ears.tend
86,-3.186957290595157,55.943899699750965,160,-3.1872391983813926,55.944002305793965,null
87,-3.1872391983813926,55.944002305793965,160,-3.1875211061676283,55.944104911836966,bound.ends.matter
88,-3.1875211061676283,55.944104911836966,130,-3.187713942450534,55.9443347251699,null
