1,-3.1878,55.9444,40,-3.1875701866670645,55.94459283628291,null
2,-3.1875701866670645,55.94459283628291,0,-3.1872701866670643,55.94459283628291,null
3,-3.1872701866670643,55.94459283628291,10,-3.1869747443411605,55.94464493073621,null
4,-3.1869747443411605,55.94464493073621,30,-3.186714936720025,55.94479493073621,null
5,-3.186714936720025,55.94479493073621,20,-3.186433028933789,55.94489753677921,null
6,-3.186433028933789,55.94489753677921,80,-3.186380934480489,55.945192979105116,null
7,-3.186380934480489,55.945192979105116,80,-3.186328840027189,55.94548842143102,null
8,-3.186328840027189,55.94548842143102,50,-3.1861360037442834,55.94571823476396,posts.kicked.universally
9,-3.1861360037442834,55.94571823476396,0,-3.185836003744283,55.94571823476396,null
10,-3.185836003744283,55.94571823476396,0,-3.185536003744283,55.94571823476396,shed.desire.muddy
11,-3.185536003744283,55.94571823476396,20,-3.1852540959580473,55.94582084080696,null
12,-3.1852540959580473,55.94582084080696,0,-3.184954095958047,55.94582084080696,rider.aura.bulb
13,-3.184954095958047,55.94582084080696,300,-3.184804095958047,55.945561033185825,null
14,-3.184804095958047,55.945561033185825,300,-3.184654095958047,55.94530122556469,null
15,-3.184654095958047,55.94530122556469,300,-3.184504095958047,55.94504141794356,sports.topic.clocks
16,-3.184504095958047,55.94504141794356,220,-3.1847339092909825,55.94484858166065,slide.leads.stores
17,-3.1847339092909825,55.94484858166065,270,-3.1847339092909825,55.94454858166065,null
18,-3.1847339092909825,55.94454858166065,280,-3.1846818148376825,55.94425313933474,null
19,-3.1846818148376825,55.94425313933474,270,-3.1846818148376825,55.94395313933474,rider.mile.lime
20,-3.1846818148376825,55.94395313933474,220,-3.1849116281706182,55.94376030305183,null
21,-3.1849116281706182,55.94376030305183,220,-3.185141441503554,55.943567466768926,null
22,-3.185141441503554,55.943567466768926,230,-3.1853342777864597,55.94333765343599,null
23,-3.1853342777864597,55.94333765343599,220,-3.1855640911193954,55.94314481715308,toned.deflection.bland
24,-3.1855640911193954,55.94314481715308,190,-3.1858595334452993,55.94309272269978,null
25,-3.1858595334452993,55.94309272269978,200,-3.186141441231535,55.94299011665678,null
26,-3.186141441231535,55.94299011665678,170,-3.186436883557439,55.94304221111008,hers.banks.goat
27,-3.186436883557439,55.94304221111008,30,-3.1861770759363033,55.94319221111008,null
28,-3.1861770759363033,55.94319221111008,110,-3.186279681979301,55.94347411889632,null
29,-3.186279681979301,55.94347411889632,110,-3.1863822880222985,55.94375602668256,null
30,-3.1863822880222985,55.94375602668256,120,-3.1865322880222986,55.94401583430369,lime.learns.front
31,-3.1865322880222986,55.94401583430369,180,-3.186832288022299,55.94401583430369,null
32,-3.186832288022299,55.94401583430369,160,-3.1871141958085345,55.94411844034669,null
33,-3.1871141958085345,55.94411844034669,120,-3.1872641958085346,55.944378247967826,only.fairly.rift
34,-3.1872641958085346,55.944378247967826,270,-3.1872641958085346,55.94407824796782,null
35,-3.1872641958085346,55.94407824796782,270,-3.1872641958085346,55.94377824796782,null
36,-3.1872641958085346,55.94377824796782,280,-3.1872121013552346,55.943482805641914,scale.chair.kinds
37,-3.1872121013552346,55.943482805641914,180,-3.1875121013552348,55.943482805641914,null
38,-3.1875121013552348,55.943482805641914,180,-3.187812101355235,55.943482805641914,scare.cubs.resort
39,-3.187812101355235,55.943482805641914,200,-3.1880940091414707,55.94338019959891,null
40,-3.1880940091414707,55.94338019959891,200,-3.1883759169277064,55.94327759355591,null
41,-3.1883759169277064,55.94327759355591,200,-3.188657824713942,55.94317498751291,null
42,-3.188657824713942,55.94317498751291,200,-3.188939732500178,55.94307238146991,null
43,-3.188939732500178,55.94307238146991,190,-3.1892351748260817,55.94302028701661,region.passes.pencil
44,-3.1892351748260817,55.94302028701661,190,-3.1895306171519855,55.942968192563306,null
45,-3.1895306171519855,55.942968192563306,190,-3.1898260594778893,55.942916098110004,second.launch.miles
46,-3.1898260594778893,55.942916098110004,130,-3.190018895760795,55.94314591144294,shows.fries.lamp
47,-3.190018895760795,55.94314591144294,120,-3.190168895760795,55.943405719064074,arts.dish.scarcely
48,-3.190168895760795,55.943405719064074,110,-3.190271501803793,55.94368762685031,sculpture.shot.melon
49,-3.190271501803793,55.94368762685031,210,-3.1905313094249284,55.943537626850315,null
50,-3.1905313094249284,55.943537626850315,220,-3.190761122757864,55.94334479056741,null
51,-3.190761122757864,55.94334479056741,210,-3.1910209303789996,55.94319479056741,else.urban.museum
52,-3.1910209303789996,55.94319479056741,100,-3.1910730248322996,55.94349023289332,null
53,-3.1910730248322996,55.94349023289332,90,-3.1910730248322996,55.94379023289332,null
54,-3.1910730248322996,55.94379023289332,100,-3.1911251192855996,55.94408567521923,hills.giant.crate
55,-3.1911251192855996,55.94408567521923,80,-3.1910730248322996,55.944381117545134,null
56,-3.1910730248322996,55.944381117545134,80,-3.1910209303789996,55.94467655987104,null
57,-3.1910209303789996,55.94467655987104,90,-3.1910209303789996,55.944976559871044,shapes.sheep.nature
58,-3.1910209303789996,55.944976559871044,50,-3.190828094096094,55.94520637320398,maple.limit.hotels
59,-3.190828094096094,55.94520637320398,140,-3.1910579074290295,55.94539920948689,null
60,-3.1910579074290295,55.94539920948689,100,-3.1911100018823295,55.94569465181279,skins.engage.best
61,-3.1911100018823295,55.94569465181279,160,-3.1913919096685652,55.945797257855794,null
62,-3.1913919096685652,55.945797257855794,160,-3.191673817454801,55.945899863898795,null
63,-3.191673817454801,55.945899863898795,120,-3.191823817454801,55.94615967151993,stone.undulation.poems
64,-3.191823817454801,55.94615967151993,0,-3.191523817454801,55.94615967151993,null
65,-3.191523817454801,55.94615967151993,0,-3.1912238174548007,55.94615967151993,null
66,-3.1912238174548007,55.94615967151993,350,-3.190928375128897,55.94610757706663,null
67,-3.190928375128897,55.94610757706663,0,-3.1906283751288966,55.94610757706663,null
68,-3.1906283751288966,55.94610757706663,350,-3.190332932802993,55.946055482613325,null
69,-3.190332932802993,55.946055482613325,0,-3.1900329328029926,55.946055482613325,love.behind.orchestra
70,-3.1900329328029926,55.946055482613325,350,-3.1897374904770888,55.94600338816002,null
71,-3.1897374904770888,55.94600338816002,350,-3.189442048151185,55.94595129370672,coherent.saints.stuck
72,-3.189442048151185,55.94595129370672,340,-3.189160140364949,55.94584868766372,null
73,-3.189160140364949,55.94584868766372,0,-3.188860140364949,55.94584868766372,stops.else.chats
74,-3.188860140364949,55.94584868766372,30,-3.1886003327438135,55.94599868766372,boost.radar.stress
75,-3.1886003327438135,55.94599868766372,260,-3.1886524271971135,55.94570324533781,bend.tubes.chops
76,-3.1886524271971135,55.94570324533781,230,-3.1888452634800193,55.945473432004874,null
77,-3.1888452634800193,55.945473432004874,230,-3.189038099762925,55.94524361867194,null
78,-3.189038099762925,55.94524361867194,190,-3.189333542088829,55.945191524218636,number.exist.rate
79,-3.189333542088829,55.945191524218636,250,-3.1894361481318265,55.9449096164324,null
80,-3.1894361481318265,55.9449096164324,250,-3.189538754174824,55.94462770864616,null
81,-3.189538754174824,55.94462770864616,240,-3.1896887541748242,55.944367901025025,null
82,-3.1896887541748242,55.944367901025025,250,-3.189791360217822,55.94408599323879,cliff.asleep.wedge
83,-3.189791360217822,55.94408599323879,10,-3.189495917891918,55.94413808769209,null
84,-3.189495917891918,55.94413808769209,10,-3.189200475566014,55.94419018214539,spoon.invest.every
85,-3.189200475566014,55.94419018214539,310,-3.1890076392831084,55.943960368812455,noted.friday.jams
86,-3.1890076392831084,55.943960368812455,30,-3.188747831661973,55.94411036881245,null
87,-3.188747831661973,55.94411036881245,30,-3.1884880240408373,55.94426036881245,trades.rare.cable
88,-3.1884880240408373,55.94426036881245,10,-3.1881925817149335,55.94431246326575,null
89,-3.1881925817149335,55.94431246326575,10,-3.1878971393890296,55.944364557719055,null
