1,-3.1878,55.9444,0,-3.1875,55.9444,null
2,-3.1875,55.9444,180,-3.1878,55.9444,thank.salsa.brain
3,-3.1878,55.9444,300,-3.18765,55.94414019237887,null
4,-3.18765,55.94414019237887,300,-3.1875,55.94388038475773,null
5,-3.1875,55.94388038475773,290,-3.1873973939570024,55.943598476971495,null
6,-3.1873973939570024,55.943598476971495,300,-3.1872473939570023,55.94333866935036,null
7,-3.1872473939570023,55.94333866935036,290,-3.1871447879140047,55.94305676156412,null
8,-3.1871447879140047,55.94305676156412,300,-3.1869947879140046,55.94279695394299,strut.river.surely
9,-3.1869947879140046,55.94279695394299,0,-3.1866947879140044,55.94279695394299,null
10,-3.1866947879140044,55.94279695394299,0,-3.186394787914004,55.94279695394299,under.retire.bump
11,-3.186394787914004,55.94279695394299,20,-3.1861128801277685,55.94289955998599,null
12,-3.1861128801277685,55.94289955998599,20,-3.185830972341533,55.94300216602899,null
13,-3.185830972341533,55.94300216602899,0,-3.1855309723415326,55.94300216602899,toned.deflection.bland
14,-3.1855309723415326,55.94300216602899,120,-3.1856809723415327,55.943261973650124,null
15,-3.1856809723415327,55.943261973650124,110,-3.1857835783845303,55.94354388143636,record.sofa.sock
16,-3.1857835783845303,55.94354388143636,10,-3.1854881360586265,55.943595975889664,null
17,-3.1854881360586265,55.943595975889664,10,-3.1851926937327226,55.94364807034297,hello.love.keys
18,-3.1851926937327226,55.94364807034297,20,-3.184910785946487,55.94375067638597,null
19,-3.184910785946487,55.94375067638597,0,-3.1846107859464867,55.94375067638597,rider.mile.lime
20,-3.1846107859464867,55.94375067638597,110,-3.1847133919894843,55.944032584172206,null
21,-3.1847133919894843,55.944032584172206,100,-3.1847654864427843,55.94432802649811,null
22,-3.1847654864427843,55.94432802649811,110,-3.184868092485782,55.94460993428435,slide.leads.stores
23,-3.184868092485782,55.94460993428435,190,-3.185163534811686,55.94455783983105,acid.chair.butter
24,-3.185163534811686,55.94455783983105,200,-3.1854454425979215,55.94445523378805,null
25,-3.1854454425979215,55.94445523378805,170,-3.1857408849238253,55.94450732824135,atoms.vanish.foods
26,-3.1857408849238253,55.94450732824135,250,-3.185843490966823,55.94422542045511,null
27,-3.185843490966823,55.94422542045511,240,-3.185993490966823,55.94396561283398,teams.mild.played
28,-3.185993490966823,55.94396561283398,140,-3.1862233042997588,55.944158449116884,null
29,-3.1862233042997588,55.944158449116884,90,-3.1862233042997588,55.94445844911689,null
30,-3.1862233042997588,55.94445844911689,140,-3.1864531176326945,55.94465128539979,null
31,-3.1864531176326945,55.94465128539979,190,-3.1867485599585983,55.94459919094649,artist.gets.react
32,-3.1867485599585983,55.94459919094649,60,-3.186598559958598,55.944858998567625,laws.merit.bleak
33,-3.186598559958598,55.944858998567625,20,-3.1863166521723625,55.944961604610626,null
34,-3.1863166521723625,55.944961604610626,60,-3.1861666521723624,55.94522141223176,null
35,-3.1861666521723624,55.94522141223176,70,-3.186064046129365,55.945503320018,null
36,-3.186064046129365,55.945503320018,60,-3.1859140461293647,55.94576312763913,null
37,-3.1859140461293647,55.94576312763913,30,-3.185654238508229,55.94591312763913,renew.slows.basket
38,-3.185654238508229,55.94591312763913,190,-3.185949680834133,55.94586103318583,null
39,-3.185949680834133,55.94586103318583,200,-3.1862315886203687,55.94575842714283,posts.kicked.universally
40,-3.1862315886203687,55.94575842714283,190,-3.1865270309462725,55.945706332689525,null
41,-3.1865270309462725,55.945706332689525,180,-3.1868270309462727,55.945706332689525,null
42,-3.1868270309462727,55.945706332689525,190,-3.1871224732721766,55.94565423823622,diner.leaves.mutual
43,-3.1871224732721766,55.94565423823622,170,-3.1874179155980804,55.945706332689525,null
44,-3.1874179155980804,55.945706332689525,170,-3.1877133579239842,55.94575842714283,null
45,-3.1877133579239842,55.94575842714283,170,-3.188008800249888,55.94581052159613,null
46,-3.188008800249888,55.94581052159613,170,-3.188304242575792,55.94586261604943,null
47,-3.188304242575792,55.94586261604943,180,-3.188604242575792,55.94586261604943,null
48,-3.188604242575792,55.94586261604943,170,-3.188899684901696,55.945914710502734,null
49,-3.188899684901696,55.945914710502734,180,-3.189199684901696,55.945914710502734,coherent.saints.stuck
50,-3.189199684901696,55.945914710502734,170,-3.1894951272276,55.945966804956036,null
51,-3.1894951272276,55.945966804956036,170,-3.189790569553504,55.94601889940934,love.behind.orchestra
52,-3.189790569553504,55.94601889940934,180,-3.190090569553504,55.94601889940934,null
53,-3.190090569553504,55.94601889940934,180,-3.190390569553504,55.94601889940934,null
54,-3.190390569553504,55.94601889940934,180,-3.1906905695535044,55.94601889940934,null
55,-3.1906905695535044,55.94601889940934,180,-3.1909905695535046,55.94601889940934,null
56,-3.1909905695535046,55.94601889940934,180,-3.1912905695535048,55.94601889940934,null
57,-3.1912905695535048,55.94601889940934,180,-3.191590569553505,55.94601889940934,null
58,-3.191590569553505,55.94601889940934,150,-3.1918503771746405,55.94616889940934,stone.undulation.poems
59,-3.1918503771746405,55.94616889940934,250,-3.191952983217638,55.9458869916231,null
60,-3.191952983217638,55.9458869916231,250,-3.1920555892606357,55.94560508383686,null
61,-3.1920555892606357,55.94560508383686,250,-3.1921581953036333,55.94532317605062,null
62,-3.1921581953036333,55.94532317605062,220,-3.192388008636569,55.945130339767715,useful.hike.trades
63,-3.192388008636569,55.945130339767715,0,-3.192088008636569,55.945130339767715,null
64,-3.192088008636569,55.945130339767715,10,-3.191792566310665,55.94518243422102,hills.feels.tunes
65,-3.191792566310665,55.94518243422102,0,-3.191492566310665,55.94518243422102,null
66,-3.191492566310665,55.94518243422102,10,-3.191197123984761,55.94523452867432,maple.limit.hotels
67,-3.191197123984761,55.94523452867432,280,-3.191145029531461,55.94493908634841,null
68,-3.191145029531461,55.94493908634841,280,-3.191092935078161,55.944643644022506,null
69,-3.191092935078161,55.944643644022506,240,-3.191242935078161,55.94438383640137,paying.crowd.weep
70,-3.191242935078161,55.94438383640137,270,-3.191242935078161,55.94408383640137,null
71,-3.191242935078161,55.94408383640137,280,-3.191190840624861,55.94378839407546,null
72,-3.191190840624861,55.94378839407546,270,-3.191190840624861,55.94348839407546,meal.feed.large
73,-3.191190840624861,55.94348839407546,80,-3.191138746171561,55.943783836401366,spicy.bunch.shady
74,-3.191138746171561,55.943783836401366,30,-3.1908789385504255,55.943933836401364,null
75,-3.1908789385504255,55.943933836401364,30,-3.19061913092929,55.94408383640136,null
76,-3.19061913092929,55.94408383640136,30,-3.1903593233081544,55.94423383640136,null
77,-3.1903593233081544,55.94423383640136,40,-3.1901295099752187,55.944426672684266,null
78,-3.1901295099752187,55.944426672684266,30,-3.189869702354083,55.94457667268426,null
79,-3.189869702354083,55.94457667268426,40,-3.1896398890211475,55.94476950896717,null
80,-3.1896398890211475,55.94476950896717,30,-3.189380081400012,55.94491950896717,null
81,-3.189380081400012,55.94491950896717,0,-3.1890800814000118,55.94491950896717,number.exist.rate
82,-3.1890800814000118,55.94491950896717,220,-3.1893098947329475,55.94472667268426,null
83,-3.1893098947329475,55.94472667268426,230,-3.1895027310158532,55.944496859351325,null
84,-3.1895027310158532,55.944496859351325,220,-3.189732544348789,55.94430402306842,null
85,-3.189732544348789,55.94430402306842,230,-3.1899253806316947,55.94407420973548,null
86,-3.1899253806316947,55.94407420973548,220,-3.1901551939646304,55.94388137345258,null
87,-3.1901551939646304,55.94388137345258,190,-3.1904506362905343,55.943829278999274,sculpture.shot.melon
88,-3.1904506362905343,55.943829278999274,300,-3.190300636290534,55.94356947137814,null
89,-3.190300636290534,55.94356947137814,300,-3.190150636290534,55.943309663757006,null
90,-3.190150636290534,55.943309663757006,300,-3.190000636290534,55.94304985613587,second.launch.miles
91,-3.190000636290534,55.94304985613587,50,-3.189807800007628,55.94327966946881,null
92,-3.189807800007628,55.94327966946881,40,-3.1895779866746925,55.943472505751714,cars.attend.hotels
93,-3.1895779866746925,55.943472505751714,350,-3.1892825443487887,55.94342041129841,null
94,-3.1892825443487887,55.94342041129841,0,-3.1889825443487885,55.94342041129841,null
95,-3.1889825443487885,55.94342041129841,0,-3.1886825443487883,55.94342041129841,system.speak.guard
96,-3.1886825443487883,55.94342041129841,120,-3.1888325443487884,55.943680218919546,null
97,-3.1888325443487884,55.943680218919546,120,-3.1889825443487885,55.94394002654068,null
98,-3.1889825443487885,55.94394002654068,120,-3.1891325443487886,55.944199834161815,spoon.invest.every
99,-3.1891325443487886,55.944199834161815,300,-3.1889825443487885,55.94394002654068,noted.friday.jams
100,-3.1889825443487885,55.94394002654068,10,-3.1886871020228846,55.94399212099398,null
101,-3.1886871020228846,55.94399212099398,10,-3.188391659696981,55.944044215447285,rush.crown.link
102,-3.188391659696981,55.944044215447285,30,-3.1881318520758453,55.94419421544728,null
103,-3.1881318520758453,55.94419421544728,30,-3.1878720444547097,55.94434421544728,null
