1,-3.1878,55.9444,300,-3.18765,55.94414019237887,null
2,-3.18765,55.94414019237887,300,-3.1875,55.94388038475773,begins.spider.drips
3,-3.1875,55.94388038475773,290,-3.1873973939570024,55.943598476971495,null
4,-3.1873973939570024,55.943598476971495,300,-3.1872473939570023,55.94333866935036,null
5,-3.1872473939570023,55.94333866935036,290,-3.1871447879140047,55.94305676156412,null
6,-3.1871447879140047,55.94305676156412,300,-3.1869947879140046,55.94279695394299,strut.river.surely
7,-3.1869947879140046,55.94279695394299,0,-3.1866947879140044,55.94279695394299,null
8,-3.1866947879140044,55.94279695394299,170,-3.186990230239908,55.94284904839629,valve.elaborate.fortunate
9,-3.186990230239908,55.94284904839629,10,-3.186694787914004,55.94290114284959,null
10,-3.186694787914004,55.94290114284959,10,-3.1863993455881,55.942953237302895,null
11,-3.1863993455881,55.942953237302895,10,-3.1861039032621963,55.9430053317562,null
12,-3.1861039032621963,55.9430053317562,10,-3.1858084609362924,55.9430574262095,toned.deflection.bland
13,-3.1858084609362924,55.9430574262095,0,-3.1855084609362923,55.9430574262095,dent.shins.cycle
14,-3.1855084609362923,55.9430574262095,10,-3.1852130186103884,55.9431095206628,null
15,-3.1852130186103884,55.9431095206628,10,-3.1849175762844846,55.943161615116104,brings.remedy.latter
16,-3.1849175762844846,55.943161615116104,60,-3.1847675762844845,55.94342142273724,sentences.sings.modern
17,-3.1847675762844845,55.94342142273724,80,-3.1847154818311845,55.943716865063145,null
18,-3.1847154818311845,55.943716865063145,80,-3.1846633873778845,55.94401230738905,null
19,-3.1846633873778845,55.94401230738905,80,-3.1846112929245844,55.94430774971496,null
20,-3.1846112929245844,55.94430774971496,80,-3.1845591984712844,55.944603192040866,null
21,-3.1845591984712844,55.944603192040866,70,-3.184456592428287,55.944885099827104,sports.topic.clocks
22,-3.184456592428287,55.944885099827104,200,-3.1847385002145225,55.9447824937841,slide.leads.stores
23,-3.1847385002145225,55.9447824937841,200,-3.1850204080007583,55.9446798877411,null
24,-3.1850204080007583,55.9446798877411,210,-3.185280215621894,55.944529887741105,null
25,-3.185280215621894,55.944529887741105,200,-3.1855621234081295,55.944427281698104,atoms.vanish.foods
26,-3.1855621234081295,55.944427281698104,200,-3.185844031194365,55.9443246756551,null
27,-3.185844031194365,55.9443246756551,160,-3.186125938980601,55.944427281698104,organs.shape.fantastic
28,-3.186125938980601,55.944427281698104,100,-3.186178033433901,55.94472272402401,null
29,-3.186178033433901,55.94472272402401,100,-3.186230127887201,55.94501816634992,null
30,-3.186230127887201,55.94501816634992,100,-3.186282222340501,55.945313608675825,null
31,-3.186282222340501,55.945313608675825,90,-3.186282222340501,55.94561360867583,posts.kicked.universally
32,-3.186282222340501,55.94561360867583,200,-3.1865641301267367,55.94551100263283,null
33,-3.1865641301267367,55.94551100263283,190,-3.1868595724526405,55.945458908179525,spent.spoon.bolt
34,-3.1868595724526405,55.945458908179525,140,-3.187089385785576,55.94565174446243,null
35,-3.187089385785576,55.94565174446243,140,-3.187319199118512,55.94584458074534,slips.mass.baking
36,-3.187319199118512,55.94584458074534,180,-3.187619199118512,55.94584458074534,null
37,-3.187619199118512,55.94584458074534,190,-3.187914641444416,55.945792486292035,null
38,-3.187914641444416,55.945792486292035,180,-3.188214641444416,55.945792486292035,null
39,-3.188214641444416,55.945792486292035,150,-3.1884744490655517,55.94594248629203,bend.tubes.chops
40,-3.1884744490655517,55.94594248629203,290,-3.188371843022554,55.945660578505795,skills.less.herb
41,-3.188371843022554,55.945660578505795,220,-3.1886016563554898,55.94546774222289,null
42,-3.1886016563554898,55.94546774222289,210,-3.1888614639766253,55.94531774222289,null
43,-3.1888614639766253,55.94531774222289,220,-3.189091277309561,55.945124905939984,number.exist.rate
44,-3.189091277309561,55.945124905939984,160,-3.1893731850957967,55.945227511982985,null
45,-3.1893731850957967,55.945227511982985,160,-3.1896550928820324,55.945330118025986,null
46,-3.1896550928820324,55.945330118025986,160,-3.189937000668268,55.945432724068986,null
47,-3.189937000668268,55.945432724068986,160,-3.190218908454504,55.94553533011199,null
48,-3.190218908454504,55.94553533011199,150,-3.1904787160756394,55.945685330111985,null
49,-3.1904787160756394,55.945685330111985,160,-3.190760623861875,55.945787936154986,null
50,-3.190760623861875,55.945787936154986,150,-3.1910204314830106,55.945937936154984,simple.rust.audio
51,-3.1910204314830106,55.945937936154984,240,-3.1911704314830107,55.94567812853385,skins.engage.best
52,-3.1911704314830107,55.94567812853385,230,-3.1913632677659165,55.94544831520091,null
53,-3.1913632677659165,55.94544831520091,230,-3.1915561040488223,55.94521850186798,hills.feels.tunes
54,-3.1915561040488223,55.94521850186798,310,-3.1913632677659165,55.94498868853504,null
55,-3.1913632677659165,55.94498868853504,320,-3.191133454432981,55.944795852252135,estate.gave.votes
56,-3.191133454432981,55.944795852252135,270,-3.191133454432981,55.94449585225213,null
57,-3.191133454432981,55.94449585225213,270,-3.191133454432981,55.94419585225213,hills.giant.crate
58,-3.191133454432981,55.94419585225213,270,-3.191133454432981,55.943895852252126,null
59,-3.191133454432981,55.943895852252126,270,-3.191133454432981,55.94359585225212,null
60,-3.191133454432981,55.94359585225212,230,-3.1913262907158866,55.94336603891919,meal.feed.large
61,-3.1913262907158866,55.94336603891919,340,-3.191044382929651,55.943263432876186,null
62,-3.191044382929651,55.943263432876186,330,-3.1907845753085153,55.94311343287619,null
63,-3.1907845753085153,55.94311343287619,340,-3.1905026675222796,55.94301082683319,null
64,-3.1905026675222796,55.94301082683319,330,-3.190242859901144,55.94286082683319,null
65,-3.190242859901144,55.94286082683319,340,-3.1899609521149084,55.94275822079019,null
66,-3.1899609521149084,55.94275822079019,340,-3.1896790443286727,55.94265561474719,hooked.shine.third
67,-3.1896790443286727,55.94265561474719,110,-3.1897816503716703,55.94293752253343,null
68,-3.1897816503716703,55.94293752253343,40,-3.1895518370387346,55.94313035881633,null
69,-3.1895518370387346,55.94313035881633,0,-3.1892518370387344,55.94313035881633,rents.cone.stove
70,-3.1892518370387344,55.94313035881633,120,-3.1894018370387345,55.94339016643747,null
71,-3.1894018370387345,55.94339016643747,90,-3.1894018370387345,55.94369016643747,cars.attend.hotels
72,-3.1894018370387345,55.94369016643747,110,-3.189504443081732,55.94397207422371,burn.spot.across
73,-3.189504443081732,55.94397207422371,330,-3.1892446354605966,55.94382207422371,null
74,-3.1892446354605966,55.94382207422371,340,-3.188962727674361,55.94371946818071,labels.hotels.alert
75,-3.188962727674361,55.94371946818071,50,-3.188769891391455,55.943949281513646,noted.friday.jams
76,-3.188769891391455,55.943949281513646,150,-3.1890296990125906,55.944099281513644,spoon.invest.every
77,-3.1890296990125906,55.944099281513644,20,-3.188747791226355,55.944201887556645,null
78,-3.188747791226355,55.944201887556645,20,-3.188465883440119,55.944304493599645,trades.rare.cable
79,-3.188465883440119,55.944304493599645,60,-3.188315883440119,55.94456430122078,null
80,-3.188315883440119,55.94456430122078,60,-3.188165883440119,55.944824108841914,null
81,-3.188165883440119,55.944824108841914,10,-3.187870441114215,55.944876203295216,agents.mile.crib
82,-3.187870441114215,55.944876203295216,280,-3.187818346660915,55.94458076096931,thank.salsa.brain
