1,-3.1878,55.9444,110,-3.187902606042998,55.94468190778624,hurt.green.filer
2,-3.187902606042998,55.94468190778624,220,-3.1881324193759335,55.944489071503334,null
3,-3.1881324193759335,55.944489071503334,210,-3.188392226997069,55.944339071503336,trades.rare.cable
4,-3.188392226997069,55.944339071503336,300,-3.188242226997069,55.9440792638822,null
5,-3.188242226997069,55.9440792638822,300,-3.188092226997069,55.94381945626107,null
6,-3.188092226997069,55.94381945626107,290,-3.1879896209540712,55.94353754847483,null
7,-3.1879896209540712,55.94353754847483,300,-3.187839620954071,55.943277740853695,gums.clock.modes
8,-3.187839620954071,55.943277740853695,150,-3.1880994285752067,55.94342774085369,null
9,-3.1880994285752067,55.94342774085369,150,-3.188359236196342,55.94357774085369,null
10,-3.188359236196342,55.94357774085369,150,-3.1886190438174777,55.94372774085369,null
11,-3.1886190438174777,55.94372774085369,150,-3.1888788514386133,55.94387774085369,noted.friday.jams
12,-3.1888788514386133,55.94387774085369,210,-3.189138659059749,55.94372774085369,null
13,-3.189138659059749,55.94372774085369,200,-3.1894205668459845,55.94362513481069,cars.attend.hotels
14,-3.1894205668459845,55.94362513481069,190,-3.1897160091718884,55.943573040357386,null
15,-3.1897160091718884,55.943573040357386,200,-3.189997916958124,55.943470434314385,null
16,-3.189997916958124,55.943470434314385,150,-3.1902577245792596,55.94362043431438,arts.dish.scarcely
17,-3.1902577245792596,55.94362043431438,300,-3.1901077245792595,55.94336062669325,null
18,-3.1901077245792595,55.94336062669325,300,-3.1899577245792594,55.943100819072114,null
19,-3.1899577245792594,55.943100819072114,290,-3.189855118536262,55.942818911285876,hooked.shine.third
20,-3.189855118536262,55.942818911285876,180,-3.190155118536262,55.942818911285876,null
21,-3.190155118536262,55.942818911285876,180,-3.190455118536262,55.942818911285876,tonic.bliss.cove
22,-3.190455118536262,55.942818911285876,160,-3.190737026322498,55.94292151732888,null
23,-3.190737026322498,55.94292151732888,160,-3.1910189341087336,55.94302412337188,else.urban.museum
24,-3.1910189341087336,55.94302412337188,100,-3.1910710285620336,55.943319565697784,null
25,-3.1910710285620336,55.943319565697784,100,-3.1911231230153336,55.94361500802369,loaf.cheer.slave
26,-3.1911231230153336,55.94361500802369,50,-3.190930286732428,55.94384482135663,spicy.bunch.shady
27,-3.190930286732428,55.94384482135663,120,-3.191080286732428,55.94410462897776,hills.giant.crate
28,-3.191080286732428,55.94410462897776,90,-3.191080286732428,55.944404628977765,null
29,-3.191080286732428,55.944404628977765,90,-3.191080286732428,55.94470462897777,estate.gave.votes
30,-3.191080286732428,55.94470462897777,80,-3.191028192279128,55.945000071303674,null
31,-3.191028192279128,55.945000071303674,50,-3.190835355996222,55.94522988463661,maple.limit.hotels
32,-3.190835355996222,55.94522988463661,180,-3.1911353559962223,55.94522988463661,null
33,-3.1911353559962223,55.94522988463661,190,-3.191430798322126,55.94517779018331,null
34,-3.191430798322126,55.94517779018331,180,-3.1917307983221264,55.94517779018331,null
35,-3.1917307983221264,55.94517779018331,190,-3.19202624064803,55.945125695730006,useful.hike.trades
36,-3.19202624064803,55.945125695730006,80,-3.19197414619473,55.94542113805591,null
37,-3.19197414619473,55.94542113805591,80,-3.19192205174143,55.94571658038182,null
38,-3.19192205174143,55.94571658038182,50,-3.1917292154585244,55.945946393714756,stone.undulation.poems
39,-3.1917292154585244,55.945946393714756,0,-3.191429215458524,55.945946393714756,null
40,-3.191429215458524,55.945946393714756,0,-3.191129215458524,55.945946393714756,simple.rust.audio
41,-3.191129215458524,55.945946393714756,340,-3.1908473076722883,55.945843787671755,null
42,-3.1908473076722883,55.945843787671755,340,-3.1905653998860526,55.945741181628755,null
43,-3.1905653998860526,55.945741181628755,340,-3.190283492099817,55.945638575585754,null
44,-3.190283492099817,55.945638575585754,340,-3.190001584313581,55.94553596954275,turkey.limit.ramp
45,-3.190001584313581,55.94553596954275,30,-3.1897417766924456,55.94568596954275,null
46,-3.1897417766924456,55.94568596954275,40,-3.18951196335951,55.94587880582566,coherent.saints.stuck
47,-3.18951196335951,55.94587880582566,340,-3.189230055573274,55.94577619978266,null
48,-3.189230055573274,55.94577619978266,350,-3.1889346132473704,55.945724105329354,stops.else.chats
49,-3.1889346132473704,55.945724105329354,340,-3.1886527054611347,55.945621499286354,null
50,-3.1886527054611347,55.945621499286354,340,-3.188370797674899,55.94551889324335,skills.less.herb
51,-3.188370797674899,55.94551889324335,10,-3.188075355348995,55.945570987696655,null
52,-3.188075355348995,55.945570987696655,10,-3.1877799130230913,55.94562308214996,null
53,-3.1877799130230913,55.94562308214996,10,-3.1874844706971874,55.94567517660326,null
54,-3.1874844706971874,55.94567517660326,10,-3.1871890283712836,55.94572727105656,null
55,-3.1871890283712836,55.94572727105656,10,-3.1868935860453798,55.945779365509864,null
56,-3.1868935860453798,55.945779365509864,10,-3.186598143719476,55.945831459963166,null
57,-3.186598143719476,55.945831459963166,10,-3.186302701393572,55.94588355441647,null
58,-3.186302701393572,55.94588355441647,20,-3.1860207936073364,55.94598616045947,null
59,-3.1860207936073364,55.94598616045947,0,-3.185720793607336,55.94598616045947,renew.slows.basket
60,-3.185720793607336,55.94598616045947,20,-3.1854388858211005,55.94608876650247,prime.rent.silk
61,-3.1854388858211005,55.94608876650247,240,-3.1855888858211006,55.945828958881336,shed.desire.muddy
62,-3.1855888858211006,55.945828958881336,220,-3.1858186991540363,55.94563612259843,null
63,-3.1858186991540363,55.94563612259843,220,-3.186048512486972,55.94544328631552,null
64,-3.186048512486972,55.94544328631552,230,-3.1862413487698777,55.94521347298259,null
65,-3.1862413487698777,55.94521347298259,220,-3.1864711621028134,55.94502063669968,laws.merit.bleak
66,-3.1864711621028134,55.94502063669968,300,-3.1863211621028134,55.94476082907855,null
67,-3.1863211621028134,55.94476082907855,290,-3.1862185560598157,55.94447892129231,null
68,-3.1862185560598157,55.94447892129231,270,-3.1862185560598157,55.944178921292306,organs.shape.fantastic
69,-3.1862185560598157,55.944178921292306,20,-3.18593664827358,55.944281527335306,null
70,-3.18593664827358,55.944281527335306,0,-3.18563664827358,55.944281527335306,atoms.vanish.foods
71,-3.18563664827358,55.944281527335306,40,-3.185406834940644,55.94447436361821,acid.chair.butter
72,-3.185406834940644,55.94447436361821,290,-3.1853042288976465,55.944192455831974,null
73,-3.1853042288976465,55.944192455831974,290,-3.185201622854649,55.943910548045736,null
74,-3.185201622854649,55.943910548045736,300,-3.185051622854649,55.9436507404246,null
75,-3.185051622854649,55.9436507404246,290,-3.184949016811651,55.94336883263836,null
76,-3.184949016811651,55.94336883263836,300,-3.184799016811651,55.94310902501723,courier.assume.bill
77,-3.184799016811651,55.94310902501723,0,-3.184499016811651,55.94310902501723,null
78,-3.184499016811651,55.94310902501723,170,-3.1847944591375543,55.94316111947053,brings.remedy.latter
79,-3.1847944591375543,55.94316111947053,160,-3.18507636692379,55.94326372551353,null
80,-3.18507636692379,55.94326372551353,160,-3.1853582747100257,55.94336633155653,null
81,-3.1853582747100257,55.94336633155653,160,-3.1856401824962615,55.94346893759953,record.sofa.sock
82,-3.1856401824962615,55.94346893759953,230,-3.1858330187791672,55.9432391242666,null
83,-3.1858330187791672,55.9432391242666,230,-3.186025855062073,55.94300931093366,null
84,-3.186025855062073,55.94300931093366,220,-3.1862556683950087,55.942816474650755,under.retire.bump
85,-3.1862556683950087,55.942816474650755,120,-3.186405668395009,55.94307628227189,null
86,-3.186405668395009,55.94307628227189,190,-3.1867011107209127,55.94302418781859,null
87,-3.1867011107209127,55.94302418781859,110,-3.1868037167639103,55.943306095604825,null
88,-3.1868037167639103,55.943306095604825,110,-3.186906322806908,55.94358800339106,null
89,-3.186906322806908,55.94358800339106,110,-3.1870089288499055,55.9438699111773,renew.ears.tend
90,-3.1870089288499055,55.9438699111773,150,-3.187268736471041,55.9440199111773,null
91,-3.187268736471041,55.9440199111773,140,-3.1874985498039767,55.944212747460206,null
92,-3.1874985498039767,55.944212747460206,150,-3.1877583574251123,55.944362747460204,null
