1,-3.1878,55.9444,240,-3.1879500000000003,55.94414019237887,null
2,-3.1879500000000003,55.94414019237887,240,-3.1881000000000004,55.94388038475773,cubs.trucks.help
3,-3.1881000000000004,55.94388038475773,0,-3.1878,55.94388038475773,null
4,-3.1878,55.94388038475773,0,-3.1875,55.94388038475773,begins.spider.drips
5,-3.1875,55.94388038475773,300,-3.18735,55.9436205771366,null
6,-3.18735,55.9436205771366,300,-3.1872,55.943360769515465,scale.chair.kinds
7,-3.1872,55.943360769515465,20,-3.186918092213764,55.943463375558466,null
8,-3.186918092213764,55.943463375558466,30,-3.1866582845926286,55.94361337555846,null
9,-3.1866582845926286,55.94361337555846,20,-3.186376376806393,55.943715981601464,null
10,-3.186376376806393,55.943715981601464,30,-3.1861165691852573,55.94386598160146,teams.mild.played
11,-3.1861165691852573,55.94386598160146,260,-3.1861686636385573,55.943570539275555,null
12,-3.1861686636385573,55.943570539275555,250,-3.186271269681555,55.94328863148932,null
13,-3.186271269681555,55.94328863148932,260,-3.186323364134855,55.94299318916341,hers.banks.goat
14,-3.186323364134855,55.94299318916341,250,-3.1864259701778526,55.94271128137717,under.retire.bump
15,-3.1864259701778526,55.94271128137717,20,-3.186144062391617,55.94281388742017,null
16,-3.186144062391617,55.94281388742017,30,-3.1858842547704813,55.94296388742017,null
17,-3.1858842547704813,55.94296388742017,0,-3.185584254770481,55.94296388742017,toned.deflection.bland
18,-3.185584254770481,55.94296388742017,0,-3.185284254770481,55.94296388742017,null
19,-3.185284254770481,55.94296388742017,200,-3.1855661625567158,55.94286128137717,dent.shins.cycle
20,-3.1855661625567158,55.94286128137717,20,-3.18528425477048,55.94296388742017,null
21,-3.18528425477048,55.94296388742017,20,-3.1850023469842443,55.94306649346317,null
22,-3.1850023469842443,55.94306649346317,0,-3.184702346984244,55.94306649346317,brings.remedy.latter
23,-3.184702346984244,55.94306649346317,120,-3.1848523469842442,55.943326301084305,sentences.sings.modern
24,-3.1848523469842442,55.943326301084305,140,-3.18508216031718,55.94351913736721,null
25,-3.18508216031718,55.94351913736721,130,-3.1852749966000857,55.94374895070015,null
26,-3.1852749966000857,55.94374895070015,140,-3.1855048099330214,55.94394178698305,manliness.poem.cliff
27,-3.1855048099330214,55.94394178698305,70,-3.185402203890024,55.94422369476929,null
28,-3.185402203890024,55.94422369476929,60,-3.1852522038900237,55.944483502390426,acid.chair.butter
29,-3.1852522038900237,55.944483502390426,30,-3.184992396268888,55.944633502390424,null
30,-3.184992396268888,55.944633502390424,30,-3.1847325886477527,55.94478350239042,null
31,-3.1847325886477527,55.94478350239042,30,-3.184472781026617,55.94493350239042,sports.topic.clocks
32,-3.184472781026617,55.94493350239042,100,-3.184524875479917,55.94522894471633,settle.title.united
33,-3.184524875479917,55.94522894471633,130,-3.184717711762823,55.94545875804926,null
34,-3.184717711762823,55.94545875804926,130,-3.1849105480457287,55.9456885713822,null
35,-3.1849105480457287,55.9456885713822,130,-3.1851033843286345,55.945918384715135,null
36,-3.1851033843286345,55.945918384715135,140,-3.18533319766157,55.94611122099804,prime.rent.silk
37,-3.18533319766157,55.94611122099804,230,-3.185526033944476,55.945881407665105,shed.desire.muddy
38,-3.185526033944476,55.945881407665105,190,-3.18582147627038,55.9458293132118,null
39,-3.18582147627038,55.9458293132118,190,-3.1861169185962837,55.9457772187585,posts.kicked.universally
40,-3.1861169185962837,55.9457772187585,190,-3.1864123609221875,55.9457251243052,null
41,-3.1864123609221875,55.9457251243052,190,-3.1867078032480913,55.945673029851896,hidden.handle.softly
42,-3.1867078032480913,55.945673029851896,290,-3.1866051972050937,55.94539112206566,null
43,-3.1866051972050937,55.94539112206566,290,-3.186502591162096,55.94510921427942,null
44,-3.186502591162096,55.94510921427942,280,-3.186450496708796,55.94481377195351,rated.fired.crowds
45,-3.186450496708796,55.94481377195351,130,-3.186643332991702,55.94504358528645,null
46,-3.186643332991702,55.94504358528645,130,-3.1868361692746077,55.945273398619385,null
47,-3.1868361692746077,55.945273398619385,130,-3.1870290055575135,55.94550321195232,null
48,-3.1870290055575135,55.94550321195232,110,-3.187131611600511,55.94578511973856,diner.leaves.mutual
49,-3.187131611600511,55.94578511973856,170,-3.187427053926415,55.94583721419186,null
50,-3.187427053926415,55.94583721419186,170,-3.1877224962523187,55.945889308645164,null
51,-3.1877224962523187,55.945889308645164,170,-3.1880179385782226,55.945941403098466,null
52,-3.1880179385782226,55.945941403098466,170,-3.1883133809041264,55.94599349755177,null
53,-3.1883133809041264,55.94599349755177,130,-3.188506217187032,55.946223310884704,boost.radar.stress
54,-3.188506217187032,55.946223310884704,210,-3.1887660248081677,55.94607331088471,null
55,-3.1887660248081677,55.94607331088471,220,-3.1889958381411034,55.9458804746018,null
56,-3.1889958381411034,55.9458804746018,210,-3.189255645762239,55.9457304746018,museum.spicy.horns
57,-3.189255645762239,55.9457304746018,160,-3.1895375535484747,55.9458330806448,null
58,-3.1895375535484747,55.9458330806448,150,-3.18979736116961,55.9459830806448,love.behind.orchestra
59,-3.18979736116961,55.9459830806448,200,-3.190079268955846,55.9458804746018,null
60,-3.190079268955846,55.9458804746018,200,-3.1903611767420816,55.9457778685588,null
61,-3.1903611767420816,55.9457778685588,200,-3.1906430845283174,55.9456752625158,null
62,-3.1906430845283174,55.9456752625158,200,-3.190924992314553,55.9455726564728,null
63,-3.190924992314553,55.9455726564728,200,-3.191206900100789,55.9454700504298,null
64,-3.191206900100789,55.9454700504298,200,-3.1914888078870245,55.9453674443868,null
65,-3.1914888078870245,55.9453674443868,200,-3.19177071567326,55.945264838343796,null
66,-3.19177071567326,55.945264838343796,200,-3.192052623459496,55.945162232300795,useful.hike.trades
67,-3.192052623459496,55.945162232300795,310,-3.19185978717659,55.94493241896786,null
68,-3.19185978717659,55.94493241896786,310,-3.1916669508936844,55.94470260563492,null
69,-3.1916669508936844,55.94470260563492,300,-3.1915169508936843,55.94444279801379,null
70,-3.1915169508936843,55.94444279801379,310,-3.1913241146107785,55.94421298468085,null
71,-3.1913241146107785,55.94421298468085,300,-3.1911741146107784,55.94395317705972,spicy.bunch.shady
72,-3.1911741146107784,55.94395317705972,270,-3.1911741146107784,55.943653177059716,null
73,-3.1911741146107784,55.943653177059716,240,-3.1913241146107785,55.94339336943858,meal.feed.large
74,-3.1913241146107785,55.94339336943858,300,-3.1911741146107784,55.94313356181745,else.urban.museum
75,-3.1911741146107784,55.94313356181745,350,-3.1908786722848745,55.943081467364145,null
76,-3.1908786722848745,55.943081467364145,350,-3.1905832299589707,55.94302937291084,null
77,-3.1905832299589707,55.94302937291084,350,-3.190287787633067,55.94297727845754,null
78,-3.190287787633067,55.94297727845754,350,-3.189992345307163,55.94292518400424,second.launch.miles
79,-3.189992345307163,55.94292518400424,10,-3.189696902981259,55.94297727845754,null
80,-3.189696902981259,55.94297727845754,0,-3.189396902981259,55.94297727845754,region.passes.pencil
81,-3.189396902981259,55.94297727845754,90,-3.189396902981259,55.94327727845754,rents.cone.stove
82,-3.189396902981259,55.94327727845754,150,-3.1896567106023945,55.94342727845754,null
83,-3.1896567106023945,55.94342727845754,140,-3.1898865239353302,55.94362011474045,null
84,-3.1898865239353302,55.94362011474045,150,-3.1901463315564658,55.943770114740445,null
85,-3.1901463315564658,55.943770114740445,140,-3.1903761448894015,55.94396295102335,pump.wheels.hulk
86,-3.1903761448894015,55.94396295102335,70,-3.190273538846404,55.94424485880959,null
87,-3.190273538846404,55.94424485880959,70,-3.1901709328034062,55.94452676659583,null
88,-3.1901709328034062,55.94452676659583,70,-3.1900683267604086,55.94480867438207,null
89,-3.1900683267604086,55.94480867438207,70,-3.189965720717411,55.945090582168305,null
90,-3.189965720717411,55.945090582168305,80,-3.189913626264111,55.94538602449421,turkey.limit.ramp
91,-3.189913626264111,55.94538602449421,350,-3.189618183938207,55.94533393004091,null
92,-3.189618183938207,55.94533393004091,350,-3.1893227416123033,55.94528183558761,null
93,-3.1893227416123033,55.94528183558761,350,-3.1890272992863995,55.945229741134305,null
94,-3.1890272992863995,55.945229741134305,350,-3.1887318569604957,55.945177646681,null
95,-3.1887318569604957,55.945177646681,340,-3.18844994917426,55.945075040638,null
96,-3.18844994917426,55.945075040638,350,-3.188154506848356,55.9450229461847,agents.mile.crib
97,-3.188154506848356,55.9450229461847,300,-3.188004506848356,55.944763138563566,null
98,-3.188004506848356,55.944763138563566,300,-3.187854506848356,55.94450333094243,null
