1,-3.1878,55.9444,240,-3.1879500000000003,55.94414019237887,null
2,-3.1879500000000003,55.94414019237887,240,-3.1881000000000004,55.94388038475773,cubs.trucks.help
3,-3.1881000000000004,55.94388038475773,100,-3.1881520944533004,55.94417582708364,null
4,-3.1881520944533004,55.94417582708364,100,-3.1882041889066004,55.94447126940955,null
5,-3.1882041889066004,55.94447126940955,100,-3.1882562833599004,55.944766711735454,null
6,-3.1882562833599004,55.944766711735454,90,-3.1882562833599004,55.94506671173546,null
7,-3.1882562833599004,55.94506671173546,100,-3.1883083778132004,55.945362154061364,skills.less.herb
8,-3.1883083778132004,55.945362154061364,110,-3.188410983856198,55.9456440618476,null
9,-3.188410983856198,55.9456440618476,110,-3.1885135898991956,55.94592596963384,boost.radar.stress
10,-3.1885135898991956,55.94592596963384,250,-3.1886161959421933,55.9456440618476,bend.tubes.chops
11,-3.1886161959421933,55.9456440618476,190,-3.188911638268097,55.9455919673943,shady.soft.phones
12,-3.188911638268097,55.9455919673943,170,-3.189207080594001,55.9456440618476,museum.spicy.horns
13,-3.189207080594001,55.9456440618476,120,-3.189357080594001,55.94590386946874,coherent.saints.stuck
14,-3.189357080594001,55.94590386946874,170,-3.189652522919905,55.94595596392204,null
15,-3.189652522919905,55.94595596392204,170,-3.1899479652458087,55.94600805837534,love.behind.orchestra
16,-3.1899479652458087,55.94600805837534,230,-3.1901408015287145,55.945778245042405,null
17,-3.1901408015287145,55.945778245042405,230,-3.1903336378116203,55.94554843170947,jump.crop.fits
18,-3.1903336378116203,55.94554843170947,200,-3.190615545597856,55.94544582566647,null
19,-3.190615545597856,55.94544582566647,210,-3.1908753532189915,55.94529582566647,maple.limit.hotels
20,-3.1908753532189915,55.94529582566647,140,-3.191105166551927,55.945488661949376,null
21,-3.191105166551927,55.945488661949376,150,-3.1913649741730628,55.945638661949374,null
22,-3.1913649741730628,55.945638661949374,140,-3.1915947875059985,55.94583149823228,null
23,-3.1915947875059985,55.94583149823228,150,-3.191854595127134,55.94598149823228,stone.undulation.poems
24,-3.191854595127134,55.94598149823228,310,-3.191661758844228,55.94575168489934,null
25,-3.191661758844228,55.94575168489934,310,-3.1914689225613224,55.945521871566406,null
26,-3.1914689225613224,55.945521871566406,310,-3.1912760862784166,55.94529205823347,null
27,-3.1912760862784166,55.94529205823347,310,-3.191083249995511,55.945062244900534,shapes.sheep.nature
28,-3.191083249995511,55.945062244900534,270,-3.191083249995511,55.94476224490053,estate.gave.votes
29,-3.191083249995511,55.94476224490053,270,-3.191083249995511,55.94446224490053,null
30,-3.191083249995511,55.94446224490053,270,-3.191083249995511,55.944162244900525,null
31,-3.191083249995511,55.944162244900525,270,-3.191083249995511,55.94386224490052,null
32,-3.191083249995511,55.94386224490052,230,-3.1912760862784166,55.943632431567586,loaf.cheer.slave
33,-3.1912760862784166,55.943632431567586,280,-3.1912239918251166,55.94333698924168,null
34,-3.1912239918251166,55.94333698924168,250,-3.1913265978681142,55.94305508145544,else.urban.museum
35,-3.1913265978681142,55.94305508145544,300,-3.191176597868114,55.94279527383431,along.spill.limp
36,-3.191176597868114,55.94279527383431,90,-3.191176597868114,55.94309527383431,null
37,-3.191176597868114,55.94309527383431,90,-3.191176597868114,55.94339527383431,null
38,-3.191176597868114,55.94339527383431,80,-3.191124503414814,55.94369071616022,null
39,-3.191124503414814,55.94369071616022,50,-3.1909316671319083,55.943920529493155,spicy.bunch.shady
40,-3.1909316671319083,55.943920529493155,10,-3.1906362248060045,55.94397262394646,pump.wheels.hulk
41,-3.1906362248060045,55.94397262394646,310,-3.1904433885230987,55.94374281061352,null
42,-3.1904433885230987,55.94374281061352,300,-3.1902933885230986,55.94348300299239,null
43,-3.1902933885230986,55.94348300299239,310,-3.190100552240193,55.94325318965945,shows.fries.lamp
44,-3.190100552240193,55.94325318965945,300,-3.1899505522401927,55.94299338203832,null
45,-3.1899505522401927,55.94299338203832,300,-3.1898005522401927,55.94273357441718,hooked.shine.third
46,-3.1898005522401927,55.94273357441718,50,-3.189607715957287,55.94296338775012,null
47,-3.189607715957287,55.94296338775012,50,-3.189414879674381,55.943193201083055,rents.cone.stove
48,-3.189414879674381,55.943193201083055,40,-3.1891850663414454,55.94338603736596,null
49,-3.1891850663414454,55.94338603736596,40,-3.1889552530085097,55.94357887364887,labels.hotels.alert
50,-3.1889552530085097,55.94357887364887,310,-3.188762416725604,55.94334906031593,null
51,-3.188762416725604,55.94334906031593,270,-3.188762416725604,55.94304906031593,groups.ideas.script
52,-3.188762416725604,55.94304906031593,20,-3.188480508939368,55.94315166635893,null
53,-3.188480508939368,55.94315166635893,20,-3.1881986011531325,55.94325427240193,null
54,-3.1881986011531325,55.94325427240193,20,-3.1879166933668968,55.94335687844493,null
55,-3.1879166933668968,55.94335687844493,20,-3.187634785580661,55.94345948448793,null
56,-3.187634785580661,55.94345948448793,30,-3.1873749779595255,55.94360948448793,shut.stands.media
57,-3.1873749779595255,55.94360948448793,300,-3.1872249779595254,55.943349676866795,scale.chair.kinds
58,-3.1872249779595254,55.943349676866795,330,-3.18696517033839,55.9431996768668,null
59,-3.18696517033839,55.9431996768668,330,-3.1867053627172544,55.9430496768668,null
60,-3.1867053627172544,55.9430496768668,330,-3.186445555096119,55.9428996768668,null
61,-3.186445555096119,55.9428996768668,0,-3.1861455550961186,55.9428996768668,under.retire.bump
62,-3.1861455550961186,55.9428996768668,20,-3.185863647309883,55.9430022829098,null
63,-3.185863647309883,55.9430022829098,0,-3.1855636473098827,55.9430022829098,toned.deflection.bland
64,-3.1855636473098827,55.9430022829098,90,-3.1855636473098827,55.943302282909805,null
65,-3.1855636473098827,55.943302282909805,100,-3.1856157417631827,55.94359772523571,null
66,-3.1856157417631827,55.94359772523571,90,-3.1856157417631827,55.943897725235715,null
67,-3.1856157417631827,55.943897725235715,100,-3.1856678362164828,55.94419316756162,atoms.vanish.foods
68,-3.1856678362164828,55.94419316756162,40,-3.185438022883547,55.94438600384453,null
69,-3.185438022883547,55.94438600384453,40,-3.1852082095506113,55.944578840127434,null
70,-3.1852082095506113,55.944578840127434,50,-3.1850153732677056,55.94480865346037,null
71,-3.1850153732677056,55.94480865346037,40,-3.18478555993477,55.94500148974328,null
72,-3.18478555993477,55.94500148974328,50,-3.184592723651864,55.94523130307621,settle.title.united
73,-3.184592723651864,55.94523130307621,130,-3.18478555993477,55.94546111640915,null
74,-3.18478555993477,55.94546111640915,130,-3.1849783962176756,55.945690929742085,null
75,-3.1849783962176756,55.945690929742085,130,-3.1851712325005814,55.94592074307502,null
76,-3.1851712325005814,55.94592074307502,90,-3.1851712325005814,55.946220743075024,prime.rent.silk
77,-3.1851712325005814,55.946220743075024,200,-3.185453140286817,55.94611813703202,null
78,-3.185453140286817,55.94611813703202,190,-3.185748582612721,55.94606604257872,renew.slows.basket
79,-3.185748582612721,55.94606604257872,240,-3.185898582612721,55.94580623495759,null
80,-3.185898582612721,55.94580623495759,230,-3.186091418895627,55.94557642162465,null
81,-3.186091418895627,55.94557642162465,240,-3.186241418895627,55.94531661400352,null
82,-3.186241418895627,55.94531661400352,230,-3.1864342551785327,55.94508680067058,laws.merit.bleak
83,-3.1864342551785327,55.94508680067058,240,-3.186584255178533,55.944826993049446,null
84,-3.186584255178533,55.944826993049446,230,-3.1867770914614386,55.94459717971651,artist.gets.react
85,-3.1867770914614386,55.94459717971651,190,-3.1870725337873425,55.94454508526321,null
86,-3.1870725337873425,55.94454508526321,190,-3.1873679761132463,55.944492990809906,null
87,-3.1873679761132463,55.944492990809906,190,-3.18766341843915,55.9444408963566,null
