1,-3.1878,55.9444,110,-3.187902606042998,55.94468190778624,null
2,-3.187902606042998,55.94468190778624,120,-3.188052606042998,55.944941715407374,null
3,-3.188052606042998,55.944941715407374,110,-3.1881552120859955,55.94522362319361,null
4,-3.1881552120859955,55.94522362319361,120,-3.1883052120859956,55.94548343081475,skills.less.herb
5,-3.1883052120859956,55.94548343081475,170,-3.1886006544118994,55.94553552526805,null
6,-3.1886006544118994,55.94553552526805,170,-3.1888960967378033,55.94558761972135,null
7,-3.1888960967378033,55.94558761972135,170,-3.189191539063707,55.94563971417465,museum.spicy.horns
8,-3.189191539063707,55.94563971417465,120,-3.189341539063707,55.94589952179579,coherent.saints.stuck
9,-3.189341539063707,55.94589952179579,170,-3.189636981389611,55.94595161624909,null
10,-3.189636981389611,55.94595161624909,170,-3.189932423715515,55.94600371070239,love.behind.orchestra
11,-3.189932423715515,55.94600371070239,280,-3.189880329262215,55.945708268376485,null
12,-3.189880329262215,55.945708268376485,240,-3.190030329262215,55.94544846075535,turkey.limit.ramp
13,-3.190030329262215,55.94544846075535,190,-3.190325771588119,55.94539636630205,jump.crop.fits
14,-3.190325771588119,55.94539636630205,190,-3.1906212139140226,55.94534427184875,null
15,-3.1906212139140226,55.94534427184875,190,-3.1909166562399265,55.945292177395444,null
16,-3.1909166562399265,55.945292177395444,190,-3.1912120985658303,55.94524008294214,null
17,-3.1912120985658303,55.94524008294214,190,-3.191507540891734,55.94518798848884,null
18,-3.191507540891734,55.94518798848884,190,-3.191802983217638,55.94513589403554,null
19,-3.191802983217638,55.94513589403554,180,-3.192102983217638,55.94513589403554,useful.hike.trades
20,-3.192102983217638,55.94513589403554,330,-3.1918431755965027,55.94498589403554,null
21,-3.1918431755965027,55.94498589403554,320,-3.191613362263567,55.944793057752634,null
22,-3.191613362263567,55.944793057752634,330,-3.1913535546424314,55.944643057752636,null
23,-3.1913535546424314,55.944643057752636,320,-3.1911237413094957,55.94445022146973,paying.crowd.weep
24,-3.1911237413094957,55.94445022146973,240,-3.191273741309496,55.944190413848595,hills.giant.crate
25,-3.191273741309496,55.944190413848595,300,-3.1911237413094957,55.94393060622746,spicy.bunch.shady
26,-3.1911237413094957,55.94393060622746,270,-3.1911237413094957,55.94363060622746,null
27,-3.1911237413094957,55.94363060622746,230,-3.1913165775924015,55.94340079289452,meal.feed.large
28,-3.1913165775924015,55.94340079289452,290,-3.191213971549404,55.943118885108284,else.urban.museum
29,-3.191213971549404,55.943118885108284,330,-3.1909541639282684,55.942968885108286,null
30,-3.1909541639282684,55.942968885108286,340,-3.1906722561420326,55.942866279065285,tonic.bliss.cove
31,-3.1906722561420326,55.942866279065285,30,-3.190412448520897,55.94301627906528,null
32,-3.190412448520897,55.94301627906528,20,-3.1901305407346614,55.943118885108284,shows.fries.lamp
33,-3.1901305407346614,55.943118885108284,10,-3.1898350984087576,55.943170979561586,null
34,-3.1898350984087576,55.943170979561586,10,-3.1895396560828537,55.94322307401489,rents.cone.stove
35,-3.1895396560828537,55.94322307401489,90,-3.1895396560828537,55.94352307401489,cars.attend.hotels
36,-3.1895396560828537,55.94352307401489,100,-3.1895917505361537,55.9438185163408,burn.spot.across
37,-3.1895917505361537,55.9438185163408,10,-3.18929630821025,55.9438706107941,null
38,-3.18929630821025,55.9438706107941,10,-3.189000865884346,55.9439227052474,noted.friday.jams
39,-3.189000865884346,55.9439227052474,350,-3.188705423558442,55.9438706107941,null
40,-3.188705423558442,55.9438706107941,350,-3.1884099812325384,55.9438185163408,null
41,-3.1884099812325384,55.9438185163408,0,-3.188109981232538,55.9438185163408,cubs.trucks.help
42,-3.188109981232538,55.9438185163408,290,-3.1880073751895406,55.94353660855456,scare.cubs.resort
43,-3.1880073751895406,55.94353660855456,290,-3.187904769146543,55.94325470076832,null
44,-3.187904769146543,55.94325470076832,290,-3.1878021631035454,55.94297279298208,null
45,-3.1878021631035454,55.94297279298208,260,-3.1878542575568454,55.942677350656176,panic.squad.danger
46,-3.1878542575568454,55.942677350656176,10,-3.1875588152309415,55.94272944510948,null
47,-3.1875588152309415,55.94272944510948,20,-3.187276907444706,55.94283205115248,null
48,-3.187276907444706,55.94283205115248,0,-3.1869769074447056,55.94283205115248,valve.elaborate.fortunate
49,-3.1869769074447056,55.94283205115248,10,-3.186681465118802,55.94288414560578,null
50,-3.186681465118802,55.94288414560578,10,-3.186386022792898,55.94293624005908,null
51,-3.186386022792898,55.94293624005908,10,-3.186090580466994,55.942988334512386,null
52,-3.186090580466994,55.942988334512386,10,-3.1857951381410903,55.94304042896569,toned.deflection.bland
53,-3.1857951381410903,55.94304042896569,10,-3.1854996958151864,55.94309252341899,null
54,-3.1854996958151864,55.94309252341899,10,-3.1852042534892826,55.94314461787229,null
55,-3.1852042534892826,55.94314461787229,0,-3.1849042534892824,55.94314461787229,brings.remedy.latter
56,-3.1849042534892824,55.94314461787229,280,-3.1848521590359824,55.942849175546385,courier.assume.bill
57,-3.1848521590359824,55.942849175546385,80,-3.1848000645826824,55.94314461787229,null
58,-3.1848000645826824,55.94314461787229,80,-3.1847479701293824,55.9434400601982,null
59,-3.1847479701293824,55.9434400601982,80,-3.1846958756760824,55.943735502524106,null
60,-3.1846958756760824,55.943735502524106,80,-3.1846437812227824,55.94403094485001,null
61,-3.1846437812227824,55.94403094485001,80,-3.1845916867694823,55.94432638717592,null
62,-3.1845916867694823,55.94432638717592,80,-3.1845395923161823,55.94462182950183,null
63,-3.1845395923161823,55.94462182950183,80,-3.1844874978628823,55.944917271827734,sports.topic.clocks
64,-3.1844874978628823,55.944917271827734,120,-3.1846374978628824,55.94517707944887,null
65,-3.1846374978628824,55.94517707944887,120,-3.1847874978628825,55.94543688707,null
66,-3.1847874978628825,55.94543688707,120,-3.1849374978628826,55.94569669469114,null
67,-3.1849374978628826,55.94569669469114,90,-3.1849374978628826,55.94599669469114,rider.aura.bulb
68,-3.1849374978628826,55.94599669469114,160,-3.1852194056491183,55.94609930073414,prime.rent.silk
69,-3.1852194056491183,55.94609930073414,220,-3.185449218982054,55.945906464451234,null
70,-3.185449218982054,55.945906464451234,180,-3.185749218982054,55.945906464451234,shed.desire.muddy
71,-3.185749218982054,55.945906464451234,220,-3.18597903231499,55.94571362816833,null
72,-3.18597903231499,55.94571362816833,220,-3.1862088456479256,55.94552079188542,null
73,-3.1862088456479256,55.94552079188542,210,-3.186468653269061,55.94537079188542,null
74,-3.186468653269061,55.94537079188542,220,-3.186698466601997,55.94517795560252,dragon.bottle.crisp
75,-3.186698466601997,55.94517795560252,140,-3.1869282799349326,55.94537079188542,null
76,-3.1869282799349326,55.94537079188542,130,-3.1871211162178383,55.94560060521836,diner.leaves.mutual
77,-3.1871211162178383,55.94560060521836,310,-3.1869282799349326,55.94537079188542,null
78,-3.1869282799349326,55.94537079188542,310,-3.1867354436520268,55.94514097855249,null
79,-3.1867354436520268,55.94514097855249,310,-3.186542607369121,55.94491116521955,null
80,-3.186542607369121,55.94491116521955,240,-3.186692607369121,55.94465135759842,null
81,-3.186692607369121,55.94465135759842,200,-3.186974515155357,55.944548751555416,null
82,-3.186974515155357,55.944548751555416,190,-3.1872699574812606,55.944496657102114,null
83,-3.1872699574812606,55.944496657102114,220,-3.1874997708141963,55.94430382081921,null
84,-3.1874997708141963,55.94430382081921,190,-3.1877952131401,55.944251726365906,bound.ends.matter
85,-3.1877952131401,55.944251726365906,300,-3.1876452131401,55.94399191874477,null
86,-3.1876452131401,55.94399191874477,310,-3.1874523768571943,55.943762105411835,shut.stands.media
87,-3.1874523768571943,55.943762105411835,120,-3.1876023768571944,55.94402191303297,null
88,-3.1876023768571944,55.94402191303297,120,-3.1877523768571945,55.944281720654104,null
