1,-3.1878,55.9444,300,-3.18765,55.94414019237887,bound.ends.matter
2,-3.18765,55.94414019237887,0,-3.18735,55.94414019237887,null
3,-3.18735,55.94414019237887,350,-3.187054557674096,55.944088097925565,null
4,-3.187054557674096,55.944088097925565,340,-3.1867726498878604,55.943985491882565,null
5,-3.1867726498878604,55.943985491882565,20,-3.1864907421016246,55.944088097925565,lime.learns.front
6,-3.1864907421016246,55.944088097925565,10,-3.186195299775721,55.94414019237887,organs.shape.fantastic
7,-3.186195299775721,55.94414019237887,240,-3.186345299775721,55.94388038475773,null
8,-3.186345299775721,55.94388038475773,240,-3.186495299775721,55.9436205771366,null
9,-3.186495299775721,55.9436205771366,230,-3.1866881360586268,55.94339076380366,null
10,-3.1866881360586268,55.94339076380366,250,-3.1867907421016244,55.943108856017425,null
11,-3.1867907421016244,55.943108856017425,250,-3.186893348144622,55.942826948231186,strut.river.surely
12,-3.186893348144622,55.942826948231186,10,-3.186597905818718,55.94287904268449,null
13,-3.186597905818718,55.94287904268449,10,-3.1863024634928143,55.94293113713779,null
14,-3.1863024634928143,55.94293113713779,10,-3.1860070211669105,55.94298323159109,null
15,-3.1860070211669105,55.94298323159109,10,-3.1857115788410066,55.943035326044395,toned.deflection.bland
16,-3.1857115788410066,55.943035326044395,310,-3.185518742558101,55.94280551271146,dent.shins.cycle
17,-3.185518742558101,55.94280551271146,110,-3.1856213486010985,55.9430874204977,null
18,-3.1856213486010985,55.9430874204977,110,-3.185723954644096,55.943369328283936,null
19,-3.185723954644096,55.943369328283936,120,-3.185873954644096,55.94362913590507,record.sofa.sock
20,-3.185873954644096,55.94362913590507,120,-3.1860239546440963,55.943888943526204,teams.mild.played
21,-3.1860239546440963,55.943888943526204,10,-3.1857285123181924,55.943941037979506,null
22,-3.1857285123181924,55.943941037979506,10,-3.1854330699922886,55.94399313243281,manliness.poem.cliff
23,-3.1854330699922886,55.94399313243281,50,-3.185240233709383,55.944222945765745,null
24,-3.185240233709383,55.944222945765745,60,-3.1850902337093827,55.94448275338688,null
25,-3.1850902337093827,55.94448275338688,50,-3.184897397426477,55.944712566719815,slide.leads.stores
26,-3.184897397426477,55.944712566719815,110,-3.1850000034694745,55.94499447450605,null
27,-3.1850000034694745,55.94499447450605,110,-3.185102609512472,55.94527638229229,null
28,-3.185102609512472,55.94527638229229,100,-3.185154703965772,55.9455718246182,null
29,-3.185154703965772,55.9455718246182,110,-3.1852573100087698,55.94585373240444,null
30,-3.1852573100087698,55.94585373240444,100,-3.18530940446207,55.946149174730344,prime.rent.silk
31,-3.18530940446207,55.946149174730344,230,-3.1855022407449756,55.94591936139741,null
32,-3.1855022407449756,55.94591936139741,230,-3.1856950770278814,55.94568954806447,null
33,-3.1856950770278814,55.94568954806447,240,-3.1858450770278814,55.94542974044334,null
34,-3.1858450770278814,55.94542974044334,230,-3.1860379133107872,55.9451999271104,null
35,-3.1860379133107872,55.9451999271104,240,-3.1861879133107873,55.94494011948927,null
36,-3.1861879133107873,55.94494011948927,230,-3.186380749593693,55.94471030615633,rated.fired.crowds
37,-3.186380749593693,55.94471030615633,130,-3.186573585876599,55.94494011948927,null
38,-3.186573585876599,55.94494011948927,130,-3.1867664221595047,55.9451699328222,null
39,-3.1867664221595047,55.9451699328222,130,-3.1869592584424105,55.94539974615514,null
40,-3.1869592584424105,55.94539974615514,130,-3.1871520947253162,55.945629559488076,diner.leaves.mutual
41,-3.1871520947253162,55.945629559488076,180,-3.1874520947253164,55.945629559488076,null
42,-3.1874520947253164,55.945629559488076,180,-3.1877520947253166,55.945629559488076,null
43,-3.1877520947253166,55.945629559488076,180,-3.188052094725317,55.945629559488076,null
44,-3.188052094725317,55.945629559488076,170,-3.1883475370512206,55.94568165394138,null
45,-3.1883475370512206,55.94568165394138,180,-3.188647537051221,55.94568165394138,null
46,-3.188647537051221,55.94568165394138,170,-3.1889429793771247,55.94573374839468,stops.else.chats
47,-3.1889429793771247,55.94573374839468,150,-3.18920278699826,55.94588374839468,coherent.saints.stuck
48,-3.18920278699826,55.94588374839468,170,-3.189498229324164,55.94593584284798,null
49,-3.189498229324164,55.94593584284798,170,-3.189793671650068,55.94598793730128,love.behind.orchestra
50,-3.189793671650068,55.94598793730128,260,-3.189845766103368,55.945692494975376,null
51,-3.189845766103368,55.945692494975376,270,-3.189845766103368,55.94539249497537,turkey.limit.ramp
52,-3.189845766103368,55.94539249497537,200,-3.1901276738896036,55.94528988893237,null
53,-3.1901276738896036,55.94528988893237,200,-3.1904095816758393,55.94518728288937,null
54,-3.1904095816758393,55.94518728288937,200,-3.190691489462075,55.94508467684637,null
55,-3.190691489462075,55.94508467684637,200,-3.1909733972483108,55.94498207080337,shapes.sheep.nature
56,-3.1909733972483108,55.94498207080337,250,-3.1910760032913084,55.94470016301713,estate.gave.votes
57,-3.1910760032913084,55.94470016301713,270,-3.1910760032913084,55.94440016301713,null
58,-3.1910760032913084,55.94440016301713,260,-3.1911280977446084,55.94410472069122,hills.giant.crate
59,-3.1911280977446084,55.94410472069122,270,-3.1911280977446084,55.94380472069122,null
60,-3.1911280977446084,55.94380472069122,270,-3.1911280977446084,55.943504720691216,meal.feed.large
61,-3.1911280977446084,55.943504720691216,10,-3.1908326554187045,55.94355681514452,null
62,-3.1908326554187045,55.94355681514452,20,-3.190550747632469,55.94365942118752,null
63,-3.190550747632469,55.94365942118752,10,-3.190255305306565,55.94371151564082,sculpture.shot.melon
64,-3.190255305306565,55.94371151564082,40,-3.1900254919736293,55.94390435192373,null
65,-3.1900254919736293,55.94390435192373,40,-3.1897956786406936,55.944097188206634,cliff.asleep.wedge
66,-3.1897956786406936,55.944097188206634,300,-3.1896456786406935,55.9438373805855,burn.spot.across
67,-3.1896456786406935,55.9438373805855,300,-3.1894956786406934,55.943577572964365,null
68,-3.1894956786406934,55.943577572964365,290,-3.1893930725976958,55.94329566517813,rents.cone.stove
69,-3.1893930725976958,55.94329566517813,240,-3.189543072597696,55.94303585755699,null
70,-3.189543072597696,55.94303585755699,230,-3.1897359088806017,55.94280604422406,hooked.shine.third
71,-3.1897359088806017,55.94280604422406,150,-3.189995716501737,55.942956044224054,second.launch.miles
72,-3.189995716501737,55.942956044224054,0,-3.189695716501737,55.942956044224054,null
73,-3.189695716501737,55.942956044224054,10,-3.189400274175833,55.94300813867736,region.passes.pencil
74,-3.189400274175833,55.94300813867736,10,-3.1891048318499293,55.94306023313066,null
75,-3.1891048318499293,55.94306023313066,10,-3.1888093895240255,55.94311232758396,null
76,-3.1888093895240255,55.94311232758396,0,-3.1885093895240253,55.94311232758396,groups.ideas.script
77,-3.1885093895240253,55.94311232758396,130,-3.188702225806931,55.9433421409169,system.speak.guard
78,-3.188702225806931,55.9433421409169,110,-3.1888048318499287,55.943624048703136,null
79,-3.1888048318499287,55.943624048703136,110,-3.1889074378929263,55.943905956489374,noted.friday.jams
80,-3.1889074378929263,55.943905956489374,340,-3.1886255301066906,55.94380335044637,null
81,-3.1886255301066906,55.94380335044637,330,-3.188365722485555,55.943653350446375,null
82,-3.188365722485555,55.943653350446375,340,-3.1880838146993193,55.943550744403375,scare.cubs.resort
83,-3.1880838146993193,55.943550744403375,110,-3.188186420742317,55.94383265218961,null
84,-3.188186420742317,55.94383265218961,110,-3.1882890267853146,55.94411455997585,rush.crown.link
85,-3.1882890267853146,55.94411455997585,30,-3.188029219164179,55.94426455997585,null
