1,-3.1878,55.9444,300,-3.18765,55.94414019237887,null
2,-3.18765,55.94414019237887,300,-3.1875,55.94388038475773,begins.spider.drips
3,-3.1875,55.94388038475773,300,-3.18735,55.9436205771366,shut.stands.media
4,-3.18735,55.9436205771366,250,-3.1874526060429975,55.94333866935036,null
5,-3.1874526060429975,55.94333866935036,250,-3.187555212085995,55.94305676156412,null
6,-3.187555212085995,55.94305676156412,240,-3.187705212085995,55.94279695394299,panic.squad.danger
7,-3.187705212085995,55.94279695394299,10,-3.1874097697600914,55.94284904839629,null
8,-3.1874097697600914,55.94284904839629,0,-3.187109769760091,55.94284904839629,valve.elaborate.fortunate
9,-3.187109769760091,55.94284904839629,60,-3.186959769760091,55.943108856017425,null
10,-3.186959769760091,55.943108856017425,70,-3.1868571637170935,55.94339076380366,null
11,-3.1868571637170935,55.94339076380366,60,-3.1867071637170934,55.9436505714248,null
12,-3.1867071637170934,55.9436505714248,70,-3.186604557674096,55.943932479211036,lime.learns.front
13,-3.186604557674096,55.943932479211036,310,-3.18641172139119,55.9437026658781,null
14,-3.18641172139119,55.9437026658781,320,-3.1861819080582543,55.94350982959519,null
15,-3.1861819080582543,55.94350982959519,310,-3.1859890717753485,55.94328001626226,null
16,-3.1859890717753485,55.94328001626226,320,-3.185759258442413,55.94308717997935,null
17,-3.185759258442413,55.94308717997935,310,-3.185566422159507,55.942857366646415,dent.shins.cycle
18,-3.185566422159507,55.942857366646415,10,-3.185270979833603,55.94290946109972,null
19,-3.185270979833603,55.94290946109972,10,-3.1849755375076994,55.94296155555302,null
20,-3.1849755375076994,55.94296155555302,10,-3.1846800951817955,55.94301365000632,courier.assume.bill
21,-3.1846800951817955,55.94301365000632,120,-3.1848300951817956,55.943273457627456,null
22,-3.1848300951817956,55.943273457627456,120,-3.1849800951817957,55.94353326524859,sentences.sings.modern
23,-3.1849800951817957,55.94353326524859,140,-3.1852099085147314,55.943726101531496,null
24,-3.1852099085147314,55.943726101531496,140,-3.185439721847667,55.9439189378144,manliness.poem.cliff
25,-3.185439721847667,55.9439189378144,120,-3.185589721847667,55.944178745435536,atoms.vanish.foods
26,-3.185589721847667,55.944178745435536,30,-3.1853299142265317,55.944328745435534,null
27,-3.1853299142265317,55.944328745435534,40,-3.185100100893596,55.94452158171844,null
28,-3.185100100893596,55.94452158171844,30,-3.1848402932724604,55.94467158171844,null
29,-3.1848402932724604,55.94467158171844,40,-3.1846104799395247,55.944864418001345,sports.topic.clocks
30,-3.1846104799395247,55.944864418001345,80,-3.1845583854862247,55.94515986032725,settle.title.united
31,-3.1845583854862247,55.94515986032725,120,-3.184708385486225,55.945419667948386,null
32,-3.184708385486225,55.945419667948386,130,-3.1849012217691306,55.94564948128132,null
33,-3.1849012217691306,55.94564948128132,120,-3.1850512217691307,55.945909288902456,rider.aura.bulb
34,-3.1850512217691307,55.945909288902456,190,-3.1853466640950345,55.945857194449154,null
35,-3.1853466640950345,55.945857194449154,190,-3.1856421064209384,55.94580509999585,null
36,-3.1856421064209384,55.94580509999585,190,-3.185937548746842,55.94575300554255,null
37,-3.185937548746842,55.94575300554255,180,-3.1862375487468424,55.94575300554255,null
38,-3.1862375487468424,55.94575300554255,190,-3.1865329910727462,55.94570091108925,null
39,-3.1865329910727462,55.94570091108925,180,-3.1868329910727464,55.94570091108925,null
40,-3.1868329910727464,55.94570091108925,190,-3.1871284333986503,55.945648816635945,diner.leaves.mutual
41,-3.1871284333986503,55.945648816635945,180,-3.1874284333986505,55.945648816635945,null
42,-3.1874284333986505,55.945648816635945,180,-3.1877284333986506,55.945648816635945,null
43,-3.1877284333986506,55.945648816635945,180,-3.188028433398651,55.945648816635945,null
44,-3.188028433398651,55.945648816635945,180,-3.188328433398651,55.945648816635945,null
45,-3.188328433398651,55.945648816635945,190,-3.188623875724555,55.94559672218264,null
46,-3.188623875724555,55.94559672218264,180,-3.188923875724555,55.94559672218264,null
47,-3.188923875724555,55.94559672218264,190,-3.189219318050459,55.94554462772934,null
48,-3.189219318050459,55.94554462772934,180,-3.189519318050459,55.94554462772934,null
49,-3.189519318050459,55.94554462772934,190,-3.189814760376363,55.94549253327604,turkey.limit.ramp
50,-3.189814760376363,55.94549253327604,190,-3.1901102027022668,55.945440438822736,null
51,-3.1901102027022668,55.945440438822736,190,-3.1904056450281706,55.945388344369434,null
52,-3.1904056450281706,55.945388344369434,190,-3.1907010873540744,55.94533624991613,null
53,-3.1907010873540744,55.94533624991613,200,-3.19098299514031,55.94523364387313,maple.limit.hotels
54,-3.19098299514031,55.94523364387313,260,-3.19103508959361,55.944938201547224,shapes.sheep.nature
55,-3.19103508959361,55.944938201547224,270,-3.19103508959361,55.94463820154722,null
56,-3.19103508959361,55.94463820154722,260,-3.19108718404691,55.944342759221314,paying.crowd.weep
57,-3.19108718404691,55.944342759221314,270,-3.19108718404691,55.94404275922131,null
58,-3.19108718404691,55.94404275922131,260,-3.19113927850021,55.943747316895404,null
59,-3.19113927850021,55.943747316895404,270,-3.19113927850021,55.9434473168954,meal.feed.large
60,-3.19113927850021,55.9434473168954,270,-3.19113927850021,55.9431473168954,null
61,-3.19113927850021,55.9431473168954,270,-3.19113927850021,55.942847316895396,along.spill.limp
62,-3.19113927850021,55.942847316895396,0,-3.19083927850021,55.942847316895396,null
63,-3.19083927850021,55.942847316895396,350,-3.190543836174306,55.94279522244209,tonic.bliss.cove
64,-3.190543836174306,55.94279522244209,10,-3.1902483938484023,55.942847316895396,null
65,-3.1902483938484023,55.942847316895396,10,-3.1899529515224985,55.9428994113487,second.launch.miles
66,-3.1899529515224985,55.9428994113487,110,-3.190055557565496,55.943181319134936,null
67,-3.190055557565496,55.943181319134936,120,-3.190205557565496,55.94344112675607,arts.dish.scarcely
68,-3.190205557565496,55.94344112675607,110,-3.190308163608494,55.94372303454231,null
69,-3.190308163608494,55.94372303454231,120,-3.190458163608494,55.94398284216344,pump.wheels.hulk
70,-3.190458163608494,55.94398284216344,350,-3.19016272128259,55.94393074771014,null
71,-3.19016272128259,55.94393074771014,350,-3.189867278956686,55.94387865325684,null
72,-3.189867278956686,55.94387865325684,350,-3.1895718366307824,55.943826558803536,burn.spot.across
73,-3.1895718366307824,55.943826558803536,290,-3.1894692305877848,55.9435446510173,null
74,-3.1894692305877848,55.9435446510173,290,-3.189366624544787,55.94326274323106,rents.cone.stove
75,-3.189366624544787,55.94326274323106,300,-3.189216624544787,55.943002935609925,region.passes.pencil
76,-3.189216624544787,55.943002935609925,40,-3.1889868112118513,55.94319577189283,null
77,-3.1889868112118513,55.94319577189283,30,-3.188727003590716,55.94334577189283,null
78,-3.188727003590716,55.94334577189283,40,-3.18849719025778,55.943538608175736,null
79,-3.18849719025778,55.943538608175736,30,-3.1882373826366446,55.943688608175734,cubs.trucks.help
80,-3.1882373826366446,55.943688608175734,100,-3.1882894770899446,55.94398405050164,rush.crown.link
81,-3.1882894770899446,55.94398405050164,110,-3.188392083132942,55.94426595828788,trades.rare.cable
82,-3.188392083132942,55.94426595828788,40,-3.1881622698000065,55.944458794570785,null
83,-3.1881622698000065,55.944458794570785,40,-3.187932456467071,55.94465163085369,hurt.green.filer
84,-3.187932456467071,55.94465163085369,300,-3.1877824564670707,55.94439182323256,thank.salsa.brain
85,-3.1877824564670707,55.94439182323256,10,-3.187487014141167,55.94444391768586,only.fairly.rift
86,-3.187487014141167,55.94444391768586,190,-3.1877824564670707,55.94439182323256,null
