1,-3.1878,55.9444,240,-3.1879500000000003,55.94414019237887,null
2,-3.1879500000000003,55.94414019237887,240,-3.1881000000000004,55.94388038475773,cubs.trucks.help
3,-3.1881000000000004,55.94388038475773,0,-3.1878,55.94388038475773,null
4,-3.1878,55.94388038475773,0,-3.1875,55.94388038475773,begins.spider.drips
5,-3.1875,55.94388038475773,300,-3.18735,55.9436205771366,null
6,-3.18735,55.9436205771366,300,-3.1872,55.943360769515465,scale.chair.kinds
7,-3.1872,55.943360769515465,20,-3.186918092213764,55.943463375558466,null
8,-3.186918092213764,55.943463375558466,30,-3.1866582845926286,55.94361337555846,null
9,-3.1866582845926286,55.94361337555846,20,-3.186376376806393,55.943715981601464,null
10,-3.186376376806393,55.943715981601464,30,-3.1861165691852573,55.94386598160146,teams.mild.played
11,-3.1861165691852573,55.94386598160146,260,-3.1861686636385573,55.943570539275555,null
12,-3.1861686636385573,55.943570539275555,250,-3.186271269681555,55.94328863148932,null
13,-3.186271269681555,55.94328863148932,260,-3.186323364134855,55.94299318916341,hers.banks.goat
14,-3.186323364134855,55.94299318916341,290,-3.1862207580918573,55.94271128137717,under.retire.bump
15,-3.1862207580918573,55.94271128137717,30,-3.185960950470722,55.94286128137717,null
16,-3.185960950470722,55.94286128137717,30,-3.1857011428495863,55.94301128137717,toned.deflection.bland
17,-3.1857011428495863,55.94301128137717,310,-3.1855083065666805,55.94278146804423,dent.shins.cycle
18,-3.1855083065666805,55.94278146804423,30,-3.185248498945545,55.94293146804423,null
19,-3.185248498945545,55.94293146804423,30,-3.1849886913244094,55.94308146804423,null
20,-3.1849886913244094,55.94308146804423,30,-3.184728883703274,55.943231468044225,brings.remedy.latter
21,-3.184728883703274,55.943231468044225,140,-3.1849586970362096,55.94342430432713,sentences.sings.modern
22,-3.1849586970362096,55.94342430432713,140,-3.1851885103691453,55.94361714061004,null
23,-3.1851885103691453,55.94361714061004,130,-3.185381346652051,55.94384695394297,manliness.poem.cliff
24,-3.185381346652051,55.94384695394297,80,-3.185329252198751,55.94414239626888,null
25,-3.185329252198751,55.94414239626888,80,-3.185277157745451,55.94443783859479,acid.chair.butter
26,-3.185277157745451,55.94443783859479,30,-3.1850173501243155,55.944587838594785,null
27,-3.1850173501243155,55.944587838594785,30,-3.18475754250318,55.94473783859478,null
28,-3.18475754250318,55.94473783859478,40,-3.1845277291702443,55.94493067487769,sports.topic.clocks
29,-3.1845277291702443,55.94493067487769,90,-3.1845277291702443,55.94523067487769,settle.title.united
30,-3.1845277291702443,55.94523067487769,130,-3.18472056545315,55.94546048821063,null
31,-3.18472056545315,55.94546048821063,130,-3.184913401736056,55.945690301543564,null
32,-3.184913401736056,55.945690301543564,130,-3.1851062380189616,55.9459201148765,null
33,-3.1851062380189616,55.9459201148765,140,-3.1853360513518973,55.94611295115941,prime.rent.silk
34,-3.1853360513518973,55.94611295115941,230,-3.185528887634803,55.94588313782647,shed.desire.muddy
35,-3.185528887634803,55.94588313782647,190,-3.185824329960707,55.94583104337317,null
36,-3.185824329960707,55.94583104337317,190,-3.186119772286611,55.945778948919866,posts.kicked.universally
37,-3.186119772286611,55.945778948919866,190,-3.1864152146125146,55.945726854466564,null
38,-3.1864152146125146,55.945726854466564,190,-3.1867106569384185,55.94567476001326,hidden.handle.softly
39,-3.1867106569384185,55.94567476001326,290,-3.186608050895421,55.94539285222702,null
40,-3.186608050895421,55.94539285222702,290,-3.1865054448524233,55.945110944440785,null
41,-3.1865054448524233,55.945110944440785,280,-3.1864533503991233,55.94481550211488,rated.fired.crowds
42,-3.1864533503991233,55.94481550211488,130,-3.186646186682029,55.945045315447814,null
43,-3.186646186682029,55.945045315447814,130,-3.186839022964935,55.94527512878075,null
44,-3.186839022964935,55.94527512878075,130,-3.1870318592478406,55.945504942113686,null
45,-3.1870318592478406,55.945504942113686,110,-3.187134465290838,55.945786849899925,diner.leaves.mutual
46,-3.187134465290838,55.945786849899925,170,-3.187429907616742,55.94583894435323,null
47,-3.187429907616742,55.94583894435323,170,-3.187725349942646,55.94589103880653,null
48,-3.187725349942646,55.94589103880653,170,-3.1880207922685497,55.94594313325983,null
49,-3.1880207922685497,55.94594313325983,170,-3.1883162345944536,55.945995227713134,null
50,-3.1883162345944536,55.945995227713134,170,-3.1886116769203574,55.946047322166436,boost.radar.stress
51,-3.1886116769203574,55.946047322166436,210,-3.188871484541493,55.94589732216644,null
52,-3.188871484541493,55.94589732216644,210,-3.1891312921626285,55.94574732216644,null
53,-3.1891312921626285,55.94574732216644,210,-3.189391099783764,55.94559732216644,museum.spicy.horns
54,-3.189391099783764,55.94559732216644,140,-3.1896209131166997,55.94579015844935,null
55,-3.1896209131166997,55.94579015844935,140,-3.1898507264496354,55.945982994732255,love.behind.orchestra
56,-3.1898507264496354,55.945982994732255,200,-3.190132634235871,55.945880388689254,null
57,-3.190132634235871,55.945880388689254,200,-3.190414542022107,55.94577778264625,null
58,-3.190414542022107,55.94577778264625,200,-3.1906964498083425,55.94567517660325,null
59,-3.1906964498083425,55.94567517660325,200,-3.1909783575945783,55.94557257056025,null
60,-3.1909783575945783,55.94557257056025,200,-3.191260265380814,55.94546996451725,null
61,-3.191260265380814,55.94546996451725,200,-3.1915421731670497,55.94536735847425,null
62,-3.1915421731670497,55.94536735847425,200,-3.1918240809532854,55.94526475243125,null
63,-3.1918240809532854,55.94526475243125,200,-3.192105988739521,55.94516214638825,useful.hike.trades
64,-3.192105988739521,55.94516214638825,310,-3.1919131524566153,55.94493233305531,null
65,-3.1919131524566153,55.94493233305531,310,-3.1917203161737095,55.94470251972238,null
66,-3.1917203161737095,55.94470251972238,310,-3.1915274798908038,55.94447270638944,null
67,-3.1915274798908038,55.94447270638944,310,-3.191334643607898,55.944242893056504,null
68,-3.191334643607898,55.944242893056504,300,-3.191184643607898,55.94398308543537,spicy.bunch.shady
69,-3.191184643607898,55.94398308543537,270,-3.191184643607898,55.94368308543537,null
70,-3.191184643607898,55.94368308543537,270,-3.191184643607898,55.943383085435364,meal.feed.large
71,-3.191184643607898,55.943383085435364,270,-3.191184643607898,55.94308308543536,else.urban.museum
72,-3.191184643607898,55.94308308543536,350,-3.190889201281994,55.94303099098206,null
73,-3.190889201281994,55.94303099098206,350,-3.19059375895609,55.94297889652876,null
74,-3.19059375895609,55.94297889652876,350,-3.1902983166301864,55.942926802075455,null
75,-3.1902983166301864,55.942926802075455,0,-3.189998316630186,55.942926802075455,second.launch.miles
76,-3.189998316630186,55.942926802075455,10,-3.1897028743042823,55.94297889652876,null
77,-3.1897028743042823,55.94297889652876,0,-3.189402874304282,55.94297889652876,region.passes.pencil
78,-3.189402874304282,55.94297889652876,90,-3.189402874304282,55.94327889652876,rents.cone.stove
79,-3.189402874304282,55.94327889652876,150,-3.1896626819254177,55.94342889652876,null
80,-3.1896626819254177,55.94342889652876,140,-3.1898924952583534,55.943621732811664,null
81,-3.1898924952583534,55.943621732811664,150,-3.190152302879489,55.94377173281166,null
82,-3.190152302879489,55.94377173281166,140,-3.1903821162124246,55.94396456909457,pump.wheels.hulk
83,-3.1903821162124246,55.94396456909457,70,-3.190279510169427,55.94424647688081,null
84,-3.190279510169427,55.94424647688081,70,-3.1901769041264294,55.944528384667045,null
85,-3.1901769041264294,55.944528384667045,70,-3.190074298083432,55.94481029245328,null
86,-3.190074298083432,55.94481029245328,70,-3.189971692040434,55.94509220023952,null
87,-3.189971692040434,55.94509220023952,70,-3.1898690859974366,55.94537410802576,turkey.limit.ramp
88,-3.1898690859974366,55.94537410802576,350,-3.1895736436715327,55.94532201357246,null
89,-3.1895736436715327,55.94532201357246,350,-3.189278201345629,55.945269919119156,null
90,-3.189278201345629,55.945269919119156,350,-3.188982759019725,55.94521782466585,null
91,-3.188982759019725,55.94521782466585,350,-3.188687316693821,55.94516573021255,null
92,-3.188687316693821,55.94516573021255,340,-3.1884054089075855,55.94506312416955,null
93,-3.1884054089075855,55.94506312416955,350,-3.1881099665816817,55.94501102971625,agents.mile.crib
94,-3.1881099665816817,55.94501102971625,300,-3.1879599665816816,55.944751222095114,null
95,-3.1879599665816816,55.944751222095114,290,-3.187857360538684,55.944469314308876,null
