1,-3.1878,55.9444,310,-3.1876071637170944,55.944170186667066,null
2,-3.1876071637170944,55.944170186667066,130,-3.1878,55.9444,thank.salsa.brain
3,-3.1878,55.9444,10,-3.1875045576740964,55.944452094453304,null
4,-3.1875045576740964,55.944452094453304,10,-3.1872091153481925,55.944504188906606,only.fairly.rift
5,-3.1872091153481925,55.944504188906606,290,-3.187106509305195,55.94422228112037,null
6,-3.187106509305195,55.94422228112037,320,-3.186876695972259,55.94402944483746,null
7,-3.186876695972259,55.94402944483746,10,-3.1865812536463554,55.944081539290764,lime.learns.front
8,-3.1865812536463554,55.944081539290764,190,-3.186876695972259,55.94402944483746,renew.ears.tend
9,-3.186876695972259,55.94402944483746,140,-3.187106509305195,55.94422228112037,null
10,-3.187106509305195,55.94422228112037,110,-3.1872091153481925,55.944504188906606,null
11,-3.1872091153481925,55.944504188906606,10,-3.1869136730222887,55.94455628335991,artist.gets.react
12,-3.1869136730222887,55.94455628335991,50,-3.186720836739383,55.944786096692845,null
13,-3.186720836739383,55.944786096692845,30,-3.1864610291182474,55.94493609669284,null
14,-3.1864610291182474,55.94493609669284,60,-3.1863110291182473,55.94519590431398,null
15,-3.1863110291182473,55.94519590431398,60,-3.186161029118247,55.94545571193511,null
16,-3.186161029118247,55.94545571193511,60,-3.186011029118247,55.945715519556245,null
17,-3.186011029118247,55.945715519556245,60,-3.185861029118247,55.94597532717738,renew.slows.basket
18,-3.185861029118247,55.94597532717738,330,-3.1856012214971114,55.94582532717738,null
19,-3.1856012214971114,55.94582532717738,330,-3.185341413875976,55.94567532717738,null
20,-3.185341413875976,55.94567532717738,340,-3.18505950608974,55.94557272113438,null
21,-3.18505950608974,55.94557272113438,330,-3.1847996984686047,55.945422721134385,null
22,-3.1847996984686047,55.945422721134385,340,-3.184517790682369,55.945320115091384,settle.title.united
23,-3.184517790682369,55.945320115091384,240,-3.184667790682369,55.94506030747025,null
24,-3.184667790682369,55.94506030747025,230,-3.184860626965275,55.944830494137314,slide.leads.stores
25,-3.184860626965275,55.944830494137314,210,-3.1851204345864104,55.944680494137316,acid.chair.butter
26,-3.1851204345864104,55.944680494137316,300,-3.1849704345864103,55.94442068651618,null
27,-3.1849704345864103,55.94442068651618,300,-3.18482043458641,55.94416087889505,null
28,-3.18482043458641,55.94416087889505,300,-3.18467043458641,55.94390107127391,rider.mile.lime
29,-3.18467043458641,55.94390107127391,260,-3.18472252903971,55.943605628948006,null
30,-3.18472252903971,55.943605628948006,260,-3.18477462349301,55.9433101866221,brings.remedy.latter
31,-3.18477462349301,55.9433101866221,210,-3.1850344311141456,55.9431601866221,null
32,-3.1850344311141456,55.9431601866221,210,-3.185294238735281,55.943010186622104,null
33,-3.185294238735281,55.943010186622104,210,-3.1855540463564167,55.942860186622106,dent.shins.cycle
34,-3.1855540463564167,55.942860186622106,190,-3.1858494886823205,55.942808092168804,null
35,-3.1858494886823205,55.942808092168804,180,-3.1861494886823207,55.942808092168804,under.retire.bump
36,-3.1861494886823207,55.942808092168804,190,-3.1864449310082246,55.9427559977155,null
37,-3.1864449310082246,55.9427559977155,190,-3.1867403733341284,55.9427039032622,null
38,-3.1867403733341284,55.9427039032622,180,-3.1870403733341286,55.9427039032622,strut.river.surely
39,-3.1870403733341286,55.9427039032622,140,-3.1872701866670643,55.942896739545105,null
40,-3.1872701866670643,55.942896739545105,140,-3.1875,55.94308957582801,null
41,-3.1875,55.94308957582801,140,-3.1877298133329357,55.94328241211092,null
42,-3.1877298133329357,55.94328241211092,140,-3.1879596266658714,55.943475248393824,scare.cubs.resort
43,-3.1879596266658714,55.943475248393824,200,-3.188241534452107,55.94337264235082,null
44,-3.188241534452107,55.94337264235082,200,-3.188523442238343,55.94327003630782,null
45,-3.188523442238343,55.94327003630782,200,-3.1888053500245785,55.94316743026482,null
46,-3.1888053500245785,55.94316743026482,200,-3.1890872578108143,55.94306482422182,region.passes.pencil
47,-3.1890872578108143,55.94306482422182,130,-3.18928009409372,55.94329463755476,null
48,-3.18928009409372,55.94329463755476,120,-3.18943009409372,55.94355444517589,null
49,-3.18943009409372,55.94355444517589,130,-3.189622930376626,55.94378425850883,burn.spot.across
50,-3.189622930376626,55.94378425850883,190,-3.1899183727025298,55.943732164055525,null
51,-3.1899183727025298,55.943732164055525,180,-3.19021837270253,55.943732164055525,sculpture.shot.melon
52,-3.19021837270253,55.943732164055525,230,-3.1904112089854357,55.94350235072259,null
53,-3.1904112089854357,55.94350235072259,230,-3.1906040452683415,55.94327253738965,null
54,-3.1906040452683415,55.94327253738965,220,-3.190833858601277,55.94307970110675,null
55,-3.190833858601277,55.94307970110675,230,-3.191026694884183,55.94284988777381,along.spill.limp
56,-3.191026694884183,55.94284988777381,100,-3.191078789337483,55.94314533009972,null
57,-3.191078789337483,55.94314533009972,110,-3.1911813953804806,55.943427237885956,meal.feed.large
58,-3.1911813953804806,55.943427237885956,40,-3.190951582047545,55.94362007416886,null
59,-3.190951582047545,55.94362007416886,40,-3.190721768714609,55.94381291045177,null
60,-3.190721768714609,55.94381291045177,30,-3.1904619610934737,55.943962910451766,pump.wheels.hulk
61,-3.1904619610934737,55.943962910451766,160,-3.1907438688797094,55.94406551649477,null
62,-3.1907438688797094,55.94406551649477,160,-3.191025776665945,55.94416812253777,hills.giant.crate
63,-3.191025776665945,55.94416812253777,90,-3.191025776665945,55.94446812253777,null
64,-3.191025776665945,55.94446812253777,90,-3.191025776665945,55.94476812253777,null
65,-3.191025776665945,55.94476812253777,90,-3.191025776665945,55.945068122537776,shapes.sheep.nature
66,-3.191025776665945,55.945068122537776,90,-3.191025776665945,55.94536812253778,maple.limit.hotels
67,-3.191025776665945,55.94536812253778,0,-3.190725776665945,55.94536812253778,null
68,-3.190725776665945,55.94536812253778,0,-3.1904257766659447,55.94536812253778,jump.crop.fits
69,-3.1904257766659447,55.94536812253778,10,-3.190130334340041,55.94542021699108,null
70,-3.190130334340041,55.94542021699108,10,-3.189834892014137,55.945472311444384,turkey.limit.ramp
71,-3.189834892014137,55.945472311444384,330,-3.1895750843930015,55.945322311444386,null
72,-3.1895750843930015,55.945322311444386,330,-3.189315276771866,55.94517231144439,number.exist.rate
73,-3.189315276771866,55.94517231144439,30,-3.1890554691507305,55.945322311444386,null
74,-3.1890554691507305,55.945322311444386,20,-3.1887735613644947,55.94542491748739,shady.soft.phones
75,-3.1887735613644947,55.94542491748739,110,-3.1888761674074924,55.945706825273625,stops.else.chats
76,-3.1888761674074924,55.945706825273625,50,-3.1886833311245866,55.94593663860656,boost.radar.stress
77,-3.1886833311245866,55.94593663860656,320,-3.188453517791651,55.945743802323655,bend.tubes.chops
78,-3.188453517791651,55.945743802323655,300,-3.1883035177916508,55.94548399470252,skills.less.herb
79,-3.1883035177916508,55.94548399470252,300,-3.1881535177916507,55.945224187081386,null
80,-3.1881535177916507,55.945224187081386,300,-3.1880035177916506,55.94496437946025,null
81,-3.1880035177916506,55.94496437946025,290,-3.187900911748653,55.944682471674014,hurt.green.filer
