1,-3.1878,55.9444,10,-3.1875045576740964,55.944452094453304,null
2,-3.1875045576740964,55.944452094453304,10,-3.1872091153481925,55.944504188906606,only.fairly.rift
3,-3.1872091153481925,55.944504188906606,10,-3.1869136730222887,55.94455628335991,artist.gets.react
4,-3.1869136730222887,55.94455628335991,10,-3.186618230696385,55.94460837781321,null
5,-3.186618230696385,55.94460837781321,0,-3.1863182306963846,55.94460837781321,null
6,-3.1863182306963846,55.94460837781321,300,-3.1861682306963846,55.944348570192076,organs.shape.fantastic
7,-3.1861682306963846,55.944348570192076,270,-3.1861682306963846,55.944048570192074,null
8,-3.1861682306963846,55.944048570192074,270,-3.1861682306963846,55.94374857019207,null
9,-3.1861682306963846,55.94374857019207,270,-3.1861682306963846,55.94344857019207,null
10,-3.1861682306963846,55.94344857019207,260,-3.1862203251496846,55.94315312786616,null
11,-3.1862203251496846,55.94315312786616,270,-3.1862203251496846,55.94285312786616,under.retire.bump
12,-3.1862203251496846,55.94285312786616,0,-3.1859203251496844,55.94285312786616,null
13,-3.1859203251496844,55.94285312786616,0,-3.185620325149684,55.94285312786616,dent.shins.cycle
14,-3.185620325149684,55.94285312786616,60,-3.185470325149684,55.94311293548729,null
15,-3.185470325149684,55.94311293548729,60,-3.185320325149684,55.94337274310843,null
16,-3.185320325149684,55.94337274310843,60,-3.185170325149684,55.94363255072956,hello.love.keys
17,-3.185170325149684,55.94363255072956,90,-3.185170325149684,55.94393255072956,null
18,-3.185170325149684,55.94393255072956,100,-3.185222419602984,55.94422799305547,null
19,-3.185222419602984,55.94422799305547,90,-3.185222419602984,55.94452799305547,acid.chair.butter
20,-3.185222419602984,55.94452799305547,30,-3.1849626119818484,55.94467799305547,null
21,-3.1849626119818484,55.94467799305547,30,-3.184702804360713,55.94482799305547,null
22,-3.184702804360713,55.94482799305547,30,-3.1844429967395773,55.94497799305547,sports.topic.clocks
23,-3.1844429967395773,55.94497799305547,150,-3.184702804360713,55.945127993055465,null
24,-3.184702804360713,55.945127993055465,150,-3.1849626119818484,55.94527799305546,null
25,-3.1849626119818484,55.94527799305546,140,-3.185192425314784,55.94547082933837,null
26,-3.185192425314784,55.94547082933837,150,-3.1854522329359196,55.94562082933837,null
27,-3.1854522329359196,55.94562082933837,140,-3.1856820462688553,55.94581366562127,shed.desire.muddy
28,-3.1856820462688553,55.94581366562127,180,-3.1859820462688555,55.94581366562127,null
29,-3.1859820462688555,55.94581366562127,190,-3.1862774885947593,55.94576157116797,posts.kicked.universally
30,-3.1862774885947593,55.94576157116797,230,-3.186470324877665,55.945531757835035,null
31,-3.186470324877665,55.945531757835035,230,-3.186663161160571,55.9453019445021,dragon.bottle.crisp
32,-3.186663161160571,55.9453019445021,140,-3.1868929744935066,55.945494780785005,null
33,-3.1868929744935066,55.945494780785005,140,-3.1871227878264423,55.94568761706791,null
34,-3.1871227878264423,55.94568761706791,140,-3.187352601159378,55.94588045335082,slips.mass.baking
35,-3.187352601159378,55.94588045335082,170,-3.187648043485282,55.94593254780412,null
36,-3.187648043485282,55.94593254780412,170,-3.1879434858111857,55.94598464225742,null
37,-3.1879434858111857,55.94598464225742,170,-3.1882389281370895,55.946036736710724,null
38,-3.1882389281370895,55.946036736710724,180,-3.1885389281370897,55.946036736710724,boost.radar.stress
39,-3.1885389281370897,55.946036736710724,250,-3.1886415341800873,55.945754828924485,null
40,-3.1886415341800873,55.945754828924485,240,-3.1887915341800874,55.94549502130335,shady.soft.phones
41,-3.1887915341800874,55.94549502130335,140,-3.189021347513023,55.94568785758626,null
42,-3.189021347513023,55.94568785758626,140,-3.189251160845959,55.945880693869164,coherent.saints.stuck
43,-3.189251160845959,55.945880693869164,250,-3.1893537668889564,55.945598786082925,museum.spicy.horns
44,-3.1893537668889564,55.945598786082925,190,-3.1896492092148603,55.94554669162962,null
45,-3.1896492092148603,55.94554669162962,190,-3.189944651540764,55.94549459717632,turkey.limit.ramp
46,-3.189944651540764,55.94549459717632,190,-3.190240093866668,55.94544250272302,null
47,-3.190240093866668,55.94544250272302,190,-3.190535536192572,55.945390408269716,null
48,-3.190535536192572,55.945390408269716,200,-3.1908174439788075,55.945287802226716,null
49,-3.1908174439788075,55.945287802226716,190,-3.1911128863047113,55.94523570777341,maple.limit.hotels
50,-3.1911128863047113,55.94523570777341,280,-3.1910607918514113,55.94494026544751,null
51,-3.1910607918514113,55.94494026544751,270,-3.1910607918514113,55.944640265447504,estate.gave.votes
52,-3.1910607918514113,55.944640265447504,270,-3.1910607918514113,55.9443402654475,paying.crowd.weep
53,-3.1910607918514113,55.9443402654475,150,-3.191320599472547,55.9444902654475,null
54,-3.191320599472547,55.9444902654475,150,-3.1915804070936824,55.9446402654475,null
55,-3.1915804070936824,55.9446402654475,140,-3.191810220426618,55.9448331017304,null
56,-3.191810220426618,55.9448331017304,150,-3.1920700280477536,55.9449831017304,useful.hike.trades
57,-3.1920700280477536,55.9449831017304,310,-3.191877191764848,55.944753288397465,null
58,-3.191877191764848,55.944753288397465,310,-3.191684355481942,55.94452347506453,null
59,-3.191684355481942,55.94452347506453,310,-3.1914915191990363,55.94429366173159,null
60,-3.1914915191990363,55.94429366173159,310,-3.1912986829161305,55.944063848398656,null
61,-3.1912986829161305,55.944063848398656,320,-3.191068869583195,55.94387101211575,spicy.bunch.shady
62,-3.191068869583195,55.94387101211575,290,-3.190966263540197,55.94358910432951,null
63,-3.190966263540197,55.94358910432951,300,-3.190816263540197,55.94332929670838,null
64,-3.190816263540197,55.94332929670838,290,-3.1907136574971995,55.94304738892214,relate.chill.vest
65,-3.1907136574971995,55.94304738892214,300,-3.1905636574971994,55.942787581301005,tonic.bliss.cove
66,-3.1905636574971994,55.942787581301005,40,-3.1903338441642637,55.94298041758391,null
67,-3.1903338441642637,55.94298041758391,30,-3.190074036543128,55.94313041758391,shows.fries.lamp
68,-3.190074036543128,55.94313041758391,300,-3.189924036543128,55.942870609962775,null
69,-3.189924036543128,55.942870609962775,310,-3.1897312002602223,55.94264079662984,hooked.shine.third
70,-3.1897312002602223,55.94264079662984,90,-3.1897312002602223,55.94294079662984,null
71,-3.1897312002602223,55.94294079662984,40,-3.1895013869272866,55.94313363291275,rents.cone.stove
72,-3.1895013869272866,55.94313363291275,50,-3.189308550644381,55.943363446245684,null
73,-3.189308550644381,55.943363446245684,60,-3.1891585506443807,55.94362325386682,null
74,-3.1891585506443807,55.94362325386682,50,-3.188965714361475,55.943853067199754,noted.friday.jams
75,-3.188965714361475,55.943853067199754,120,-3.189115714361475,55.94411287482089,spoon.invest.every
76,-3.189115714361475,55.94411287482089,300,-3.188965714361475,55.943853067199754,null
77,-3.188965714361475,55.943853067199754,300,-3.188815714361475,55.94359325957862,null
78,-3.188815714361475,55.94359325957862,290,-3.188713108318477,55.94331135179238,null
79,-3.188713108318477,55.94331135179238,300,-3.188563108318477,55.94305154417125,groups.ideas.script
80,-3.188563108318477,55.94305154417125,10,-3.1882676659925733,55.94310363862455,null
81,-3.1882676659925733,55.94310363862455,20,-3.1879857582063376,55.94320624466755,gums.clock.modes
82,-3.1879857582063376,55.94320624466755,50,-3.1877929219234318,55.943436058000486,null
83,-3.1877929219234318,55.943436058000486,60,-3.1876429219234317,55.94369586562162,null
84,-3.1876429219234317,55.94369586562162,50,-3.187450085640526,55.94392567895456,begins.spider.drips
85,-3.187450085640526,55.94392567895456,170,-3.1877455279664297,55.94397777340786,null
86,-3.1877455279664297,55.94397777340786,170,-3.1880409702923336,55.94402986786116,null
87,-3.1880409702923336,55.94402986786116,170,-3.1883364126182374,55.94408196231446,rush.crown.link
88,-3.1883364126182374,55.94408196231446,30,-3.188076604997102,55.94423196231446,null
89,-3.188076604997102,55.94423196231446,30,-3.1878167973759663,55.94438196231446,null
