1,-3.1878,55.9444,300,-3.18765,55.94414019237887,bound.ends.matter
2,-3.18765,55.94414019237887,80,-3.1875979055467,55.944435634704774,thank.salsa.brain
3,-3.1875979055467,55.944435634704774,280,-3.1875458110934,55.94414019237887,null
4,-3.1875458110934,55.94414019237887,240,-3.1876958110934,55.94388038475773,begins.spider.drips
5,-3.1876958110934,55.94388038475773,10,-3.1874003687674963,55.943932479211036,null
6,-3.1874003687674963,55.943932479211036,10,-3.1871049264415925,55.94398457366434,null
7,-3.1871049264415925,55.94398457366434,10,-3.1868094841156887,55.94403666811764,null
8,-3.1868094841156887,55.94403666811764,0,-3.1865094841156885,55.94403666811764,lime.learns.front
9,-3.1865094841156885,55.94403666811764,20,-3.1862275763294527,55.94413927416064,organs.shape.fantastic
10,-3.1862275763294527,55.94413927416064,80,-3.1861754818761527,55.94443471648655,null
11,-3.1861754818761527,55.94443471648655,130,-3.1863683181590585,55.944664529819484,rated.fired.crowds
12,-3.1863683181590585,55.944664529819484,190,-3.1866637604849624,55.94461243536618,artist.gets.react
13,-3.1866637604849624,55.94461243536618,60,-3.1865137604849623,55.944872242987316,null
14,-3.1865137604849623,55.944872242987316,130,-3.186706596767868,55.94510205632025,dragon.bottle.crisp
15,-3.186706596767868,55.94510205632025,30,-3.1864467891467325,55.94525205632025,null
16,-3.1864467891467325,55.94525205632025,30,-3.186186981525597,55.94540205632025,null
17,-3.186186981525597,55.94540205632025,30,-3.1859271739044615,55.945552056320246,null
18,-3.1859271739044615,55.945552056320246,30,-3.185667366283326,55.94570205632024,shed.desire.muddy
19,-3.185667366283326,55.94570205632024,10,-3.185371923957422,55.945754150773546,null
20,-3.185371923957422,55.945754150773546,20,-3.1850900161711864,55.945856756816546,rider.aura.bulb
21,-3.1850900161711864,55.945856756816546,280,-3.1850379217178864,55.94556131449064,null
22,-3.1850379217178864,55.94556131449064,280,-3.1849858272645863,55.94526587216473,null
23,-3.1849858272645863,55.94526587216473,280,-3.1849337328112863,55.944970429838826,null
24,-3.1849337328112863,55.944970429838826,240,-3.1850837328112864,55.94471062221769,slide.leads.stores
25,-3.1850837328112864,55.94471062221769,210,-3.185343540432422,55.94456062221769,null
26,-3.185343540432422,55.94456062221769,210,-3.1856033480535575,55.944410622217696,atoms.vanish.foods
27,-3.1856033480535575,55.944410622217696,300,-3.1854533480535574,55.94415081459656,null
28,-3.1854533480535574,55.94415081459656,300,-3.1853033480535573,55.94389100697543,null
29,-3.1853033480535573,55.94389100697543,300,-3.185153348053557,55.94363119935429,null
30,-3.185153348053557,55.94363119935429,300,-3.185003348053557,55.94337139173316,null
31,-3.185003348053557,55.94337139173316,300,-3.184853348053557,55.943111584112025,courier.assume.bill
32,-3.184853348053557,55.943111584112025,180,-3.185153348053557,55.943111584112025,null
33,-3.185153348053557,55.943111584112025,190,-3.185448790379461,55.94305948965872,toned.deflection.bland
34,-3.185448790379461,55.94305948965872,150,-3.1857085980005966,55.94320948965872,null
35,-3.1857085980005966,55.94320948965872,150,-3.185968405621732,55.94335948965872,null
36,-3.185968405621732,55.94335948965872,150,-3.1862282132428676,55.943509489658716,null
37,-3.1862282132428676,55.943509489658716,150,-3.186488020864003,55.943659489658714,null
38,-3.186488020864003,55.943659489658714,150,-3.1867478284851387,55.94380948965871,null
39,-3.1867478284851387,55.94380948965871,150,-3.1870076361062742,55.94395948965871,renew.ears.tend
40,-3.1870076361062742,55.94395948965871,240,-3.1871576361062743,55.943699682037575,null
41,-3.1871576361062743,55.943699682037575,240,-3.1873076361062744,55.94343987441644,null
42,-3.1873076361062744,55.94343987441644,240,-3.1874576361062745,55.94318006679531,null
43,-3.1874576361062745,55.94318006679531,240,-3.1876076361062746,55.94292025917417,panic.squad.danger
44,-3.1876076361062746,55.94292025917417,170,-3.1879030784321785,55.942972353627475,null
45,-3.1879030784321785,55.942972353627475,170,-3.1881985207580823,55.94302444808078,null
46,-3.1881985207580823,55.94302444808078,170,-3.188493963083986,55.94307654253408,groups.ideas.script
47,-3.188493963083986,55.94307654253408,180,-3.1887939630839863,55.94307654253408,null
48,-3.1887939630839863,55.94307654253408,190,-3.18908940540989,55.94302444808078,region.passes.pencil
49,-3.18908940540989,55.94302444808078,190,-3.189384847735794,55.942972353627475,null
50,-3.189384847735794,55.942972353627475,190,-3.189680290061698,55.94292025917417,null
51,-3.189680290061698,55.94292025917417,150,-3.1899400976828334,55.94307025917417,second.launch.miles
52,-3.1899400976828334,55.94307025917417,110,-3.190042703725831,55.94335216696041,shows.fries.lamp
53,-3.190042703725831,55.94335216696041,110,-3.1901453097688286,55.94363407474665,arts.dish.scarcely
54,-3.1901453097688286,55.94363407474665,180,-3.190445309768829,55.94363407474665,null
55,-3.190445309768829,55.94363407474665,180,-3.190745309768829,55.94363407474665,null
56,-3.190745309768829,55.94363407474665,180,-3.191045309768829,55.94363407474665,loaf.cheer.slave
57,-3.191045309768829,55.94363407474665,210,-3.1913051173899647,55.94348407474665,meal.feed.large
58,-3.1913051173899647,55.94348407474665,10,-3.191009675064061,55.94353616919995,null
59,-3.191009675064061,55.94353616919995,10,-3.190714232738157,55.943588263653254,null
60,-3.190714232738157,55.943588263653254,20,-3.1904323249519213,55.943690869696255,sculpture.shot.melon
61,-3.1904323249519213,55.943690869696255,10,-3.1901368826260175,55.94374296414956,null
62,-3.1901368826260175,55.94374296414956,10,-3.1898414403001136,55.94379505860286,null
63,-3.1898414403001136,55.94379505860286,0,-3.1895414403001134,55.94379505860286,burn.spot.across
64,-3.1895414403001134,55.94379505860286,10,-3.1892459979742096,55.94384715305616,null
65,-3.1892459979742096,55.94384715305616,20,-3.188964090187974,55.94394975909916,noted.friday.jams
66,-3.188964090187974,55.94394975909916,140,-3.1891939035209096,55.94414259538207,null
67,-3.1891939035209096,55.94414259538207,140,-3.1894237168538453,55.944335431664975,null
68,-3.1894237168538453,55.944335431664975,130,-3.189616553136751,55.94456524499791,null
69,-3.189616553136751,55.94456524499791,140,-3.189846366469687,55.94475808128082,null
70,-3.189846366469687,55.94475808128082,130,-3.1900392027525926,55.94498789461375,null
71,-3.1900392027525926,55.94498789461375,140,-3.1902690160855283,55.94518073089666,null
72,-3.1902690160855283,55.94518073089666,90,-3.1902690160855283,55.94548073089666,jump.crop.fits
73,-3.1902690160855283,55.94548073089666,200,-3.190550923871764,55.94537812485366,null
74,-3.190550923871764,55.94537812485366,200,-3.1908328316579997,55.94527551881066,maple.limit.hotels
75,-3.1908328316579997,55.94527551881066,120,-3.190982831658,55.945535326431795,null
76,-3.190982831658,55.945535326431795,110,-3.1910854377009974,55.94581723421803,simple.rust.audio
77,-3.1910854377009974,55.94581723421803,10,-3.1907899953750936,55.945869328671336,null
78,-3.1907899953750936,55.945869328671336,10,-3.1904945530491897,55.94592142312464,null
79,-3.1904945530491897,55.94592142312464,10,-3.190199110723286,55.94597351757794,null
80,-3.190199110723286,55.94597351757794,0,-3.1898991107232857,55.94597351757794,love.behind.orchestra
81,-3.1898991107232857,55.94597351757794,0,-3.1895991107232855,55.94597351757794,null
82,-3.1895991107232855,55.94597351757794,0,-3.1892991107232853,55.94597351757794,null
83,-3.1892991107232853,55.94597351757794,10,-3.1890036683973815,55.94602561203124,null
84,-3.1890036683973815,55.94602561203124,0,-3.1887036683973813,55.94602561203124,boost.radar.stress
85,-3.1887036683973813,55.94602561203124,270,-3.1887036683973813,55.94572561203124,null
86,-3.1887036683973813,55.94572561203124,270,-3.1887036683973813,55.94542561203124,null
87,-3.1887036683973813,55.94542561203124,230,-3.188896504680287,55.9451957986983,rooms.lamp.teach
88,-3.188896504680287,55.9451957986983,350,-3.1886010623543832,55.945143704245,null
89,-3.1886010623543832,55.945143704245,340,-3.1883191545681475,55.945041098202,null
90,-3.1883191545681475,55.945041098202,0,-3.1880191545681473,55.945041098202,agents.mile.crib
91,-3.1880191545681473,55.945041098202,290,-3.1879165485251497,55.94475919041576,null
92,-3.1879165485251497,55.94475919041576,290,-3.187813942482152,55.94447728262952,null
