1,-3.1878,55.9444,300,-3.18765,55.94414019237887,bound.ends.matter
2,-3.18765,55.94414019237887,220,-3.187879813332936,55.94394735609596,null
3,-3.187879813332936,55.94394735609596,180,-3.188179813332936,55.94394735609596,cubs.trucks.help
4,-3.188179813332936,55.94394735609596,130,-3.1883726496158418,55.9441771694289,null
5,-3.1883726496158418,55.9441771694289,130,-3.1885654858987476,55.94440698276183,null
6,-3.1885654858987476,55.94440698276183,130,-3.1887583221816533,55.94463679609477,null
7,-3.1887583221816533,55.94463679609477,130,-3.188951158464559,55.944866609427706,null
8,-3.188951158464559,55.944866609427706,140,-3.189180971797495,55.94505944571061,number.exist.rate
9,-3.189180971797495,55.94505944571061,70,-3.189078365754497,55.94534135349685,null
10,-3.189078365754497,55.94534135349685,60,-3.188928365754497,55.945601161117985,stops.else.chats
11,-3.188928365754497,55.945601161117985,170,-3.189223808080401,55.94565325557129,null
12,-3.189223808080401,55.94565325557129,170,-3.189519250406305,55.94570535002459,null
13,-3.189519250406305,55.94570535002459,170,-3.1898146927322086,55.94575744447789,null
14,-3.1898146927322086,55.94575744447789,170,-3.1901101350581125,55.945809538931194,null
15,-3.1901101350581125,55.945809538931194,170,-3.1904055773840163,55.945861633384496,null
16,-3.1904055773840163,55.945861633384496,170,-3.19070101970992,55.9459137278378,null
17,-3.19070101970992,55.9459137278378,180,-3.1910010197099203,55.9459137278378,null
18,-3.1910010197099203,55.9459137278378,170,-3.191296462035824,55.9459658222911,null
19,-3.191296462035824,55.9459658222911,180,-3.1915964620358244,55.9459658222911,null
20,-3.1915964620358244,55.9459658222911,140,-3.19182627536876,55.94615865857401,stone.undulation.poems
21,-3.19182627536876,55.94615865857401,280,-3.19177418091546,55.9458632162481,null
22,-3.19177418091546,55.9458632162481,290,-3.1916715748724624,55.94558130846186,null
23,-3.1916715748724624,55.94558130846186,280,-3.1916194804191624,55.945285866135954,hills.feels.tunes
24,-3.1916194804191624,55.945285866135954,290,-3.191516874376165,55.945003958349716,null
25,-3.191516874376165,55.945003958349716,290,-3.191414268333167,55.94472205056348,null
26,-3.191414268333167,55.94472205056348,290,-3.1913116622901696,55.94444014277724,null
27,-3.1913116622901696,55.94444014277724,290,-3.191209056247172,55.944158234991,null
28,-3.191209056247172,55.944158234991,290,-3.1911064502041744,55.94387632720476,null
29,-3.1911064502041744,55.94387632720476,300,-3.1909564502041743,55.94361651958363,null
30,-3.1909564502041743,55.94361651958363,290,-3.1908538441611767,55.94333461179739,null
31,-3.1908538441611767,55.94333461179739,260,-3.1909059386144767,55.94303916947148,relate.chill.vest
32,-3.1909059386144767,55.94303916947148,330,-3.190646130993341,55.942889169471485,tonic.bliss.cove
33,-3.190646130993341,55.942889169471485,350,-3.1903506886674373,55.94283707501818,null
34,-3.1903506886674373,55.94283707501818,340,-3.1900687808812016,55.94273446897518,null
35,-3.1900687808812016,55.94273446897518,350,-3.1897733385552978,55.94268237452188,hooked.shine.third
36,-3.1897733385552978,55.94268237452188,120,-3.189923338555298,55.942942182143014,null
37,-3.189923338555298,55.942942182143014,120,-3.190073338555298,55.94320198976415,null
38,-3.190073338555298,55.94320198976415,80,-3.190021244101998,55.943497432090055,arts.dish.scarcely
39,-3.190021244101998,55.943497432090055,40,-3.1897914307690622,55.94369026837296,null
40,-3.1897914307690622,55.94369026837296,0,-3.189491430769062,55.94369026837296,burn.spot.across
41,-3.189491430769062,55.94369026837296,60,-3.189341430769062,55.943950075994096,null
42,-3.189341430769062,55.943950075994096,50,-3.189148594486156,55.94417988932703,spoon.invest.every
43,-3.189148594486156,55.94417988932703,310,-3.1889557582032504,55.943950075994096,noted.friday.jams
44,-3.1889557582032504,55.943950075994096,290,-3.188853152160253,55.94366816820786,labels.hotels.alert
45,-3.188853152160253,55.94366816820786,300,-3.1887031521602527,55.94340836058672,system.speak.guard
46,-3.1887031521602527,55.94340836058672,10,-3.188407709834349,55.943460455040025,null
47,-3.188407709834349,55.943460455040025,0,-3.1881077098343487,55.943460455040025,scare.cubs.resort
48,-3.1881077098343487,55.943460455040025,10,-3.187812267508445,55.94351254949333,null
49,-3.187812267508445,55.94351254949333,10,-3.187516825182541,55.94356464394663,shut.stands.media
50,-3.187516825182541,55.94356464394663,90,-3.187516825182541,55.94386464394663,begins.spider.drips
51,-3.187516825182541,55.94386464394663,10,-3.187221382856637,55.943916738399935,null
52,-3.187221382856637,55.943916738399935,0,-3.186921382856637,55.943916738399935,renew.ears.tend
53,-3.186921382856637,55.943916738399935,20,-3.1866394750704012,55.944019344442935,lime.learns.front
54,-3.1866394750704012,55.944019344442935,320,-3.1864096617374655,55.94382650816003,null
55,-3.1864096617374655,55.94382650816003,320,-3.18617984840453,55.94363367187712,null
56,-3.18617984840453,55.94363367187712,310,-3.185987012121624,55.94340385854419,null
57,-3.185987012121624,55.94340385854419,320,-3.1857571987886883,55.94321102226128,toned.deflection.bland
58,-3.1857571987886883,55.94321102226128,300,-3.1856071987886883,55.942951214640146,dent.shins.cycle
59,-3.1856071987886883,55.942951214640146,20,-3.1853252910024525,55.94305382068315,null
60,-3.1853252910024525,55.94305382068315,10,-3.1850298486765487,55.94310591513645,null
61,-3.1850298486765487,55.94310591513645,0,-3.1847298486765485,55.94310591513645,brings.remedy.latter
62,-3.1847298486765485,55.94310591513645,80,-3.1846777542232485,55.943401357462356,null
63,-3.1846777542232485,55.943401357462356,90,-3.1846777542232485,55.94370135746236,rider.mile.lime
64,-3.1846777542232485,55.94370135746236,180,-3.1849777542232487,55.94370135746236,hello.love.keys
65,-3.1849777542232487,55.94370135746236,150,-3.1852375618443842,55.94385135746236,null
66,-3.1852375618443842,55.94385135746236,160,-3.18551946963062,55.94395396350536,manliness.poem.cliff
67,-3.18551946963062,55.94395396350536,110,-3.1856220756736175,55.944235871291596,atoms.vanish.foods
68,-3.1856220756736175,55.944235871291596,90,-3.1856220756736175,55.9445358712916,null
69,-3.1856220756736175,55.9445358712916,90,-3.1856220756736175,55.9448358712916,null
70,-3.1856220756736175,55.9448358712916,90,-3.1856220756736175,55.945135871291605,null
71,-3.1856220756736175,55.945135871291605,90,-3.1856220756736175,55.94543587129161,null
72,-3.1856220756736175,55.94543587129161,90,-3.1856220756736175,55.94573587129161,shed.desire.muddy
73,-3.1856220756736175,55.94573587129161,120,-3.1857720756736176,55.945995678912745,renew.slows.basket
74,-3.1857720756736176,55.945995678912745,200,-3.1860539834598534,55.945893072869744,null
75,-3.1860539834598534,55.945893072869744,200,-3.186335891246089,55.94579046682674,null
76,-3.186335891246089,55.94579046682674,200,-3.186617799032325,55.94568786078374,hidden.handle.softly
77,-3.186617799032325,55.94568786078374,220,-3.1868476123652605,55.945495024500836,spent.spoon.bolt
78,-3.1868476123652605,55.945495024500836,290,-3.186745006322263,55.9452131167146,dragon.bottle.crisp
79,-3.186745006322263,55.9452131167146,300,-3.186595006322263,55.944953309093464,null
80,-3.186595006322263,55.944953309093464,300,-3.1864450063222627,55.94469350147233,null
81,-3.1864450063222627,55.94469350147233,190,-3.1867404486481665,55.94464140701903,null
82,-3.1867404486481665,55.94464140701903,190,-3.1870358909740704,55.944589312565725,null
83,-3.1870358909740704,55.944589312565725,180,-3.1873358909740706,55.944589312565725,only.fairly.rift
84,-3.1873358909740706,55.944589312565725,200,-3.1876177987603063,55.944486706522724,null
