1,-3.1878,55.9444,300,-3.18765,55.94414019237887,bound.ends.matter
2,-3.18765,55.94414019237887,0,-3.18735,55.94414019237887,null
3,-3.18735,55.94414019237887,350,-3.187054557674096,55.944088097925565,null
4,-3.187054557674096,55.944088097925565,340,-3.1867726498878604,55.943985491882565,null
5,-3.1867726498878604,55.943985491882565,0,-3.18647264988786,55.943985491882565,lime.learns.front
6,-3.18647264988786,55.943985491882565,40,-3.1862428365549245,55.94417832816547,organs.shape.fantastic
7,-3.1862428365549245,55.94417832816547,240,-3.1863928365549246,55.94391852054434,null
8,-3.1863928365549246,55.94391852054434,240,-3.1865428365549247,55.9436587129232,null
9,-3.1865428365549247,55.9436587129232,250,-3.1866454425979223,55.943376805136964,null
10,-3.1866454425979223,55.943376805136964,190,-3.186940884923826,55.94332471068366,null
11,-3.186940884923826,55.94332471068366,270,-3.186940884923826,55.94302471068366,null
12,-3.186940884923826,55.94302471068366,270,-3.186940884923826,55.942724710683656,strut.river.surely
13,-3.186940884923826,55.942724710683656,10,-3.1866454425979223,55.94277680513696,null
14,-3.1866454425979223,55.94277680513696,20,-3.1863635348116865,55.94287941117996,null
15,-3.1863635348116865,55.94287941117996,10,-3.1860680924857827,55.94293150563326,null
16,-3.1860680924857827,55.94293150563326,20,-3.185786184699547,55.94303411167626,toned.deflection.bland
17,-3.185786184699547,55.94303411167626,0,-3.185486184699547,55.94303411167626,dent.shins.cycle
18,-3.185486184699547,55.94303411167626,120,-3.185636184699547,55.943293919297396,null
19,-3.185636184699547,55.943293919297396,120,-3.185786184699547,55.94355372691853,record.sofa.sock
20,-3.185786184699547,55.94355372691853,120,-3.185936184699547,55.943813534539665,teams.mild.played
21,-3.185936184699547,55.943813534539665,20,-3.1856542769133114,55.943916140582665,manliness.poem.cliff
22,-3.1856542769133114,55.943916140582665,50,-3.1854614406304056,55.9441459539156,null
23,-3.1854614406304056,55.9441459539156,50,-3.1852686043475,55.94437576724854,null
24,-3.1852686043475,55.94437576724854,40,-3.185038791014564,55.944568603531444,null
25,-3.185038791014564,55.944568603531444,10,-3.1847433486886603,55.944620697984746,slide.leads.stores
26,-3.1847433486886603,55.944620697984746,110,-3.184845954731658,55.944902605770984,null
27,-3.184845954731658,55.944902605770984,110,-3.1849485607746555,55.94518451355722,null
28,-3.1849485607746555,55.94518451355722,110,-3.185051166817653,55.94546642134346,null
29,-3.185051166817653,55.94546642134346,110,-3.1851537728606507,55.9457483291297,null
30,-3.1851537728606507,55.9457483291297,110,-3.1852563789036483,55.94603023691594,prime.rent.silk
31,-3.1852563789036483,55.94603023691594,230,-3.185449215186554,55.945800423583,null
32,-3.185449215186554,55.945800423583,230,-3.18564205146946,55.945570610250066,null
33,-3.18564205146946,55.945570610250066,230,-3.1858348877523657,55.94534079691713,null
34,-3.1858348877523657,55.94534079691713,230,-3.1860277240352715,55.94511098358419,null
35,-3.1860277240352715,55.94511098358419,230,-3.1862205603181772,55.94488117025126,null
36,-3.1862205603181772,55.94488117025126,200,-3.186502468104413,55.94477856420826,rated.fired.crowds
37,-3.186502468104413,55.94477856420826,120,-3.186652468104413,55.94503837182939,null
38,-3.186652468104413,55.94503837182939,130,-3.186845304387319,55.94526818516233,null
39,-3.186845304387319,55.94526818516233,130,-3.1870381406702246,55.94549799849526,null
40,-3.1870381406702246,55.94549799849526,110,-3.1871407467132222,55.9457799062815,diner.leaves.mutual
41,-3.1871407467132222,55.9457799062815,180,-3.1874407467132224,55.9457799062815,null
42,-3.1874407467132224,55.9457799062815,180,-3.1877407467132226,55.9457799062815,null
43,-3.1877407467132226,55.9457799062815,180,-3.188040746713223,55.9457799062815,null
44,-3.188040746713223,55.9457799062815,180,-3.188340746713223,55.9457799062815,null
45,-3.188340746713223,55.9457799062815,190,-3.188636189039127,55.9457278118282,null
46,-3.188636189039127,55.9457278118282,150,-3.1888959966602624,55.9458778118282,stops.else.chats
47,-3.1888959966602624,55.9458778118282,170,-3.189191438986166,55.9459299062815,coherent.saints.stuck
48,-3.189191438986166,55.9459299062815,170,-3.18948688131207,55.9459820007348,null
49,-3.18948688131207,55.9459820007348,170,-3.189782323637974,55.946034095188104,love.behind.orchestra
50,-3.189782323637974,55.946034095188104,260,-3.189834418091274,55.9457386528622,null
51,-3.189834418091274,55.9457386528622,230,-3.1900272543741797,55.94550883952926,turkey.limit.ramp
52,-3.1900272543741797,55.94550883952926,210,-3.190287061995315,55.94535883952926,null
53,-3.190287061995315,55.94535883952926,210,-3.1905468696164507,55.945208839529265,null
54,-3.1905468696164507,55.945208839529265,210,-3.1908066772375863,55.94505883952927,null
55,-3.1908066772375863,55.94505883952927,160,-3.191088585023822,55.94516144557227,shapes.sheep.nature
56,-3.191088585023822,55.94516144557227,270,-3.191088585023822,55.944861445572265,estate.gave.votes
57,-3.191088585023822,55.944861445572265,270,-3.191088585023822,55.94456144557226,null
58,-3.191088585023822,55.94456144557226,270,-3.191088585023822,55.94426144557226,hills.giant.crate
59,-3.191088585023822,55.94426144557226,270,-3.191088585023822,55.943961445572256,null
60,-3.191088585023822,55.943961445572256,260,-3.191140679477122,55.94366600324635,null
61,-3.191140679477122,55.94366600324635,270,-3.191140679477122,55.94336600324635,meal.feed.large
62,-3.191140679477122,55.94336600324635,20,-3.1908587716908863,55.94346860928935,null
63,-3.1908587716908863,55.94346860928935,20,-3.1905768639046506,55.94357121533235,null
64,-3.1905768639046506,55.94357121533235,30,-3.190317056283515,55.943721215332346,sculpture.shot.melon
65,-3.190317056283515,55.943721215332346,40,-3.1900872429505793,55.94391405161525,null
66,-3.1900872429505793,55.94391405161525,30,-3.189827435329444,55.94406405161525,cliff.asleep.wedge
67,-3.189827435329444,55.94406405161525,310,-3.189634599046538,55.943834238282314,burn.spot.across
68,-3.189634599046538,55.943834238282314,290,-3.1895319930035404,55.943552330496075,null
69,-3.1895319930035404,55.943552330496075,300,-3.1893819930035403,55.94329252287494,rents.cone.stove
70,-3.1893819930035403,55.94329252287494,240,-3.1895319930035404,55.94303271525381,null
71,-3.1895319930035404,55.94303271525381,230,-3.189724829286446,55.94280290192087,hooked.shine.third
72,-3.189724829286446,55.94280290192087,110,-3.189827435329444,55.94308480970711,second.launch.miles
73,-3.189827435329444,55.94308480970711,350,-3.18953199300354,55.94303271525381,null
74,-3.18953199300354,55.94303271525381,0,-3.1892319930035398,55.94303271525381,region.passes.pencil
75,-3.1892319930035398,55.94303271525381,10,-3.188936550677636,55.94308480970711,null
76,-3.188936550677636,55.94308480970711,10,-3.188641108351732,55.94313690416041,groups.ideas.script
77,-3.188641108351732,55.94313690416041,70,-3.1885385023087345,55.94341881194665,system.speak.guard
78,-3.1885385023087345,55.94341881194665,130,-3.1887313385916403,55.943648625279586,null
79,-3.1887313385916403,55.943648625279586,130,-3.188924174874546,55.94387843861252,noted.friday.jams
80,-3.188924174874546,55.94387843861252,340,-3.1886422670883103,55.94377583256952,null
81,-3.1886422670883103,55.94377583256952,340,-3.1883603593020746,55.94367322652652,null
82,-3.1883603593020746,55.94367322652652,340,-3.188078451515839,55.94357062048352,scare.cubs.resort
83,-3.188078451515839,55.94357062048352,110,-3.1881810575588365,55.94385252826976,null
84,-3.1881810575588365,55.94385252826976,80,-3.1881289631055365,55.944147970595665,rush.crown.link
85,-3.1881289631055365,55.944147970595665,40,-3.187899149772601,55.94434080687857,null
