1,-3.1878,55.9444,10,-3.1875045576740964,55.944452094453304,null
2,-3.1875045576740964,55.944452094453304,10,-3.1872091153481925,55.944504188906606,null
3,-3.1872091153481925,55.944504188906606,10,-3.1869136730222887,55.94455628335991,artist.gets.react
4,-3.1869136730222887,55.94455628335991,80,-3.1868615785689887,55.944851725685815,null
5,-3.1868615785689887,55.944851725685815,330,-3.186601770947853,55.94470172568582,null
6,-3.186601770947853,55.94470172568582,70,-3.1864991649048555,55.944983633472056,null
7,-3.1864991649048555,55.944983633472056,110,-3.186601770947853,55.945265541258294,null
8,-3.186601770947853,55.945265541258294,110,-3.1867043769908507,55.94554744904453,hidden.handle.softly
9,-3.1867043769908507,55.94554744904453,30,-3.186444569369715,55.94569744904453,posts.kicked.universally
10,-3.186444569369715,55.94569744904453,20,-3.1861626615834795,55.94580005508753,null
11,-3.1861626615834795,55.94580005508753,20,-3.185880753797244,55.94590266113053,null
12,-3.185880753797244,55.94590266113053,20,-3.185598846011008,55.94600526717353,null
13,-3.185598846011008,55.94600526717353,0,-3.185298846011008,55.94600526717353,prime.rent.silk
14,-3.185298846011008,55.94600526717353,320,-3.185069032678072,55.945812430890626,null
15,-3.185069032678072,55.945812430890626,320,-3.1848392193451365,55.94561959460772,null
16,-3.1848392193451365,55.94561959460772,320,-3.1846094060122008,55.945426758324814,settle.title.united
17,-3.1846094060122008,55.945426758324814,290,-3.184506799969203,55.945144850538576,sports.topic.clocks
18,-3.184506799969203,55.945144850538576,230,-3.184699636252109,55.94491503720564,null
19,-3.184699636252109,55.94491503720564,190,-3.184995078578013,55.94486294275234,slide.leads.stores
20,-3.184995078578013,55.94486294275234,230,-3.1851879148609186,55.9446331294194,acid.chair.butter
21,-3.1851879148609186,55.9446331294194,210,-3.185447722482054,55.9444831294194,null
22,-3.185447722482054,55.9444831294194,170,-3.185743164807958,55.944535223872705,atoms.vanish.foods
23,-3.185743164807958,55.944535223872705,220,-3.1859729781408936,55.9443423875898,organs.shape.fantastic
24,-3.1859729781408936,55.9443423875898,280,-3.1859208836875936,55.94404694526389,null
25,-3.1859208836875936,55.94404694526389,280,-3.1858687892342936,55.943751502937985,null
26,-3.1858687892342936,55.943751502937985,250,-3.1859713952772912,55.94346959515175,record.sofa.sock
27,-3.1859713952772912,55.94346959515175,350,-3.1856759529513874,55.943417500698445,null
28,-3.1856759529513874,55.943417500698445,340,-3.1853940451651517,55.943314894655444,null
29,-3.1853940451651517,55.943314894655444,350,-3.185098602839248,55.94326280020214,null
30,-3.185098602839248,55.94326280020214,340,-3.184816695053012,55.94316019415914,brings.remedy.latter
31,-3.184816695053012,55.94316019415914,260,-3.184868789506312,55.942864751833234,courier.assume.bill
32,-3.184868789506312,55.942864751833234,180,-3.1851687895063123,55.942864751833234,null
33,-3.1851687895063123,55.942864751833234,180,-3.1854687895063125,55.942864751833234,dent.shins.cycle
34,-3.1854687895063125,55.942864751833234,190,-3.1857642318322164,55.94281265737993,null
35,-3.1857642318322164,55.94281265737993,180,-3.1860642318322165,55.94281265737993,under.retire.bump
36,-3.1860642318322165,55.94281265737993,180,-3.1863642318322167,55.94281265737993,null
37,-3.1863642318322167,55.94281265737993,170,-3.1866596741581206,55.942864751833234,null
38,-3.1866596741581206,55.942864751833234,180,-3.1869596741581208,55.942864751833234,valve.elaborate.fortunate
39,-3.1869596741581208,55.942864751833234,120,-3.187109674158121,55.94312455945437,null
40,-3.187109674158121,55.94312455945437,80,-3.187057579704821,55.943420001780275,scale.chair.kinds
41,-3.187057579704821,55.943420001780275,150,-3.1873173873259564,55.94357000178027,shut.stands.media
42,-3.1873173873259564,55.94357000178027,50,-3.1871245510430506,55.94379981511321,null
43,-3.1871245510430506,55.94379981511321,20,-3.186842643256815,55.94390242115621,renew.ears.tend
44,-3.186842643256815,55.94390242115621,180,-3.187142643256815,55.94390242115621,null
45,-3.187142643256815,55.94390242115621,180,-3.1874426432568153,55.94390242115621,begins.spider.drips
46,-3.1874426432568153,55.94390242115621,240,-3.1875926432568154,55.943642613535076,null
47,-3.1875926432568154,55.943642613535076,240,-3.1877426432568154,55.94338280591394,gums.clock.modes
48,-3.1877426432568154,55.94338280591394,120,-3.1878926432568155,55.943642613535076,scare.cubs.resort
49,-3.1878926432568155,55.943642613535076,180,-3.1881926432568157,55.943642613535076,null
50,-3.1881926432568157,55.943642613535076,180,-3.188492643256816,55.943642613535076,null
51,-3.188492643256816,55.943642613535076,180,-3.188792643256816,55.943642613535076,labels.hotels.alert
52,-3.188792643256816,55.943642613535076,210,-3.1890524508779516,55.94349261353508,null
53,-3.1890524508779516,55.94349261353508,210,-3.189312258499087,55.94334261353508,null
54,-3.189312258499087,55.94334261353508,220,-3.189542071832023,55.943149777252174,null
55,-3.189542071832023,55.943149777252174,210,-3.1898018794531584,55.942999777252176,second.launch.miles
56,-3.1898018794531584,55.942999777252176,170,-3.1900973217790622,55.94305187170548,null
57,-3.1900973217790622,55.94305187170548,180,-3.1903973217790624,55.94305187170548,null
58,-3.1903973217790624,55.94305187170548,170,-3.1906927641049663,55.94310396615878,relate.chill.vest
59,-3.1906927641049663,55.94310396615878,180,-3.1909927641049665,55.94310396615878,else.urban.museum
60,-3.1909927641049665,55.94310396615878,100,-3.1910448585582665,55.94339940848469,null
61,-3.1910448585582665,55.94339940848469,100,-3.1910969530115665,55.943694850810594,null
62,-3.1910969530115665,55.943694850810594,90,-3.1910969530115665,55.9439948508106,hills.giant.crate
63,-3.1910969530115665,55.9439948508106,110,-3.191199559054564,55.944276758596835,null
64,-3.191199559054564,55.944276758596835,110,-3.1913021650975617,55.944558666383074,null
65,-3.1913021650975617,55.944558666383074,110,-3.1914047711405593,55.94484057416931,null
66,-3.1914047711405593,55.94484057416931,120,-3.1915547711405594,55.945100381790446,hills.feels.tunes
67,-3.1915547711405594,55.945100381790446,10,-3.1912593288146556,55.94515247624375,null
68,-3.1912593288146556,55.94515247624375,10,-3.1909638864887517,55.94520457069705,null
69,-3.1909638864887517,55.94520457069705,10,-3.190668444162848,55.94525666515035,null
70,-3.190668444162848,55.94525666515035,20,-3.190386536376612,55.945359271193354,null
71,-3.190386536376612,55.945359271193354,10,-3.1900910940507083,55.945411365646656,null
72,-3.1900910940507083,55.945411365646656,0,-3.189791094050708,55.945411365646656,turkey.limit.ramp
73,-3.189791094050708,55.945411365646656,50,-3.1895982577678024,55.94564117897959,null
74,-3.1895982577678024,55.94564117897959,50,-3.1894054214848966,55.94587099231253,coherent.saints.stuck
75,-3.1894054214848966,55.94587099231253,340,-3.189123513698661,55.94576838626953,null
76,-3.189123513698661,55.94576838626953,340,-3.188841605912425,55.94566578022653,null
77,-3.188841605912425,55.94566578022653,340,-3.1885596981261894,55.945563174183526,null
78,-3.1885596981261894,55.945563174183526,0,-3.1882596981261893,55.945563174183526,skills.less.herb
79,-3.1882596981261893,55.945563174183526,210,-3.188519505747325,55.94541317418353,null
80,-3.188519505747325,55.94541317418353,210,-3.1887793133684603,55.94526317418353,null
81,-3.1887793133684603,55.94526317418353,200,-3.189061221154696,55.94516056814053,number.exist.rate
82,-3.189061221154696,55.94516056814053,230,-3.189254057437602,55.944930754807594,null
83,-3.189254057437602,55.944930754807594,240,-3.189404057437602,55.94467094718646,null
84,-3.189404057437602,55.94467094718646,230,-3.1895968937205077,55.94444113385352,null
85,-3.1895968937205077,55.94444113385352,240,-3.189746893720508,55.94418132623239,cliff.asleep.wedge
86,-3.189746893720508,55.94418132623239,10,-3.189451451394604,55.94423342068569,null
87,-3.189451451394604,55.94423342068569,10,-3.1891560090687,55.94428551513899,null
88,-3.1891560090687,55.94428551513899,0,-3.1888560090687,55.94428551513899,null
89,-3.1888560090687,55.94428551513899,10,-3.188560566742796,55.944337609592296,null
90,-3.188560566742796,55.944337609592296,0,-3.188260566742796,55.944337609592296,null
91,-3.188260566742796,55.944337609592296,10,-3.187965124416892,55.9443897040456,null
