1,-3.1878,55.9444,110,-3.187902606042998,55.94468190778624,hurt.green.filer
2,-3.187902606042998,55.94468190778624,220,-3.1881324193759335,55.944489071503334,null
3,-3.1881324193759335,55.944489071503334,210,-3.188392226997069,55.944339071503336,trades.rare.cable
4,-3.188392226997069,55.944339071503336,140,-3.1886220403300047,55.94453190778624,null
5,-3.1886220403300047,55.94453190778624,140,-3.1888518536629404,55.94472474406915,null
6,-3.1888518536629404,55.94472474406915,130,-3.1890446899458462,55.944954557402085,number.exist.rate
7,-3.1890446899458462,55.944954557402085,40,-3.1888148766129105,55.94514739368499,null
8,-3.1888148766129105,55.94514739368499,40,-3.188585063279975,55.9453402299679,null
9,-3.188585063279975,55.9453402299679,30,-3.1883252556588393,55.945490229967895,skills.less.herb
10,-3.1883252556588393,55.945490229967895,110,-3.188427861701837,55.94577213775413,null
11,-3.188427861701837,55.94577213775413,110,-3.1885304677448345,55.94605404554037,boost.radar.stress
12,-3.1885304677448345,55.94605404554037,210,-3.18879027536597,55.945904045540374,null
13,-3.18879027536597,55.945904045540374,200,-3.1890721831522058,55.94580143949737,null
14,-3.1890721831522058,55.94580143949737,210,-3.1893319907733413,55.945651439497375,museum.spicy.horns
15,-3.1893319907733413,55.945651439497375,190,-3.189627433099245,55.94559934504407,null
16,-3.189627433099245,55.94559934504407,190,-3.189922875425149,55.94554725059077,null
17,-3.189922875425149,55.94554725059077,200,-3.1902047832113847,55.94544464454777,null
18,-3.1902047832113847,55.94544464454777,190,-3.1905002255372885,55.94539255009447,jump.crop.fits
19,-3.1905002255372885,55.94539255009447,160,-3.1907821333235242,55.94549515613747,null
20,-3.1907821333235242,55.94549515613747,170,-3.191077575649428,55.94554725059077,skins.engage.best
21,-3.191077575649428,55.94554725059077,150,-3.1913373832705636,55.94569725059077,null
22,-3.1913373832705636,55.94569725059077,150,-3.191597190891699,55.94584725059077,null
23,-3.191597190891699,55.94584725059077,150,-3.1918569985128347,55.945997250590764,stone.undulation.poems
24,-3.1918569985128347,55.945997250590764,250,-3.1919596045558323,55.945715342804526,null
25,-3.1919596045558323,55.945715342804526,250,-3.19206221059883,55.94543343501829,null
26,-3.19206221059883,55.94543343501829,240,-3.19221221059883,55.94517362739715,useful.hike.trades
27,-3.19221221059883,55.94517362739715,340,-3.1919303028125943,55.94507102135415,null
28,-3.1919303028125943,55.94507102135415,340,-3.1916483950263586,55.94496841531115,null
29,-3.1916483950263586,55.94496841531115,340,-3.191366487240123,55.94486580926815,null
30,-3.191366487240123,55.94486580926815,330,-3.1911066796189873,55.94471580926815,estate.gave.votes
31,-3.1911066796189873,55.94471580926815,270,-3.1911066796189873,55.94441580926815,null
32,-3.1911066796189873,55.94441580926815,270,-3.1911066796189873,55.94411580926815,hills.giant.crate
33,-3.1911066796189873,55.94411580926815,270,-3.1911066796189873,55.943815809268145,spicy.bunch.shady
34,-3.1911066796189873,55.943815809268145,10,-3.1908112372930835,55.94386790372145,null
35,-3.1908112372930835,55.94386790372145,10,-3.1905157949671796,55.94391999817475,null
36,-3.1905157949671796,55.94391999817475,10,-3.190220352641276,55.94397209262805,null
37,-3.190220352641276,55.94397209262805,20,-3.18993844485504,55.94407469867105,cliff.asleep.wedge
38,-3.18993844485504,55.94407469867105,270,-3.18993844485504,55.94377469867105,null
39,-3.18993844485504,55.94377469867105,270,-3.18993844485504,55.94347469867105,null
40,-3.18993844485504,55.94347469867105,270,-3.18993844485504,55.943174698671044,null
41,-3.18993844485504,55.943174698671044,280,-3.18988635040174,55.94287925634514,second.launch.miles
42,-3.18988635040174,55.94287925634514,60,-3.18973635040174,55.94313906396627,null
43,-3.18973635040174,55.94313906396627,60,-3.18958635040174,55.943398871587405,cars.attend.hotels
44,-3.18958635040174,55.943398871587405,40,-3.189356537068804,55.94359170787031,null
45,-3.189356537068804,55.94359170787031,40,-3.1891267237358685,55.94378454415322,null
46,-3.1891267237358685,55.94378454415322,40,-3.1888969104029328,55.943977380436124,noted.friday.jams
47,-3.1888969104029328,55.943977380436124,320,-3.188667097069997,55.94378454415322,null
48,-3.188667097069997,55.94378454415322,330,-3.1884072894488615,55.94363454415322,null
49,-3.1884072894488615,55.94363454415322,320,-3.188177476115926,55.94344170787031,null
50,-3.188177476115926,55.94344170787031,330,-3.1879176684947903,55.943291707870316,gums.clock.modes
51,-3.1879176684947903,55.943291707870316,50,-3.1877248322118845,55.94352152120325,null
52,-3.1877248322118845,55.94352152120325,60,-3.1875748322118844,55.943781328824386,begins.spider.drips
53,-3.1875748322118844,55.943781328824386,320,-3.1873450188789487,55.94358849254148,shut.stands.media
54,-3.1873450188789487,55.94358849254148,330,-3.187085211257813,55.94343849254148,null
55,-3.187085211257813,55.94343849254148,330,-3.1868254036366777,55.943288492541484,null
56,-3.1868254036366777,55.943288492541484,320,-3.186595590303742,55.94309565625858,null
57,-3.186595590303742,55.94309565625858,300,-3.186445590303742,55.94283584863744,hers.banks.goat
58,-3.186445590303742,55.94283584863744,60,-3.1862955903037418,55.94309565625858,null
59,-3.1862955903037418,55.94309565625858,70,-3.186192984260744,55.943377564044816,null
60,-3.186192984260744,55.943377564044816,70,-3.1860903782177465,55.943659471831054,null
61,-3.1860903782177465,55.943659471831054,70,-3.185987772174749,55.94394137961729,teams.mild.played
62,-3.185987772174749,55.94394137961729,10,-3.185692329848845,55.943993474070595,manliness.poem.cliff
63,-3.185692329848845,55.943993474070595,330,-3.1854325222277096,55.9438434740706,null
64,-3.1854325222277096,55.9438434740706,330,-3.185172714606574,55.9436934740706,hello.love.keys
65,-3.185172714606574,55.9436934740706,80,-3.185120620153274,55.943988916396506,null
66,-3.185120620153274,55.943988916396506,70,-3.1850180141102764,55.944270824182745,null
67,-3.1850180141102764,55.944270824182745,80,-3.1849659196569764,55.94456626650865,slide.leads.stores
68,-3.1849659196569764,55.94456626650865,180,-3.1852659196569766,55.94456626650865,acid.chair.butter
69,-3.1852659196569766,55.94456626650865,80,-3.1852138252036766,55.94486170883456,null
70,-3.1852138252036766,55.94486170883456,80,-3.1851617307503766,55.945157151160466,null
71,-3.1851617307503766,55.945157151160466,80,-3.1851096362970766,55.94545259348637,null
72,-3.1851096362970766,55.94545259348637,80,-3.1850575418437765,55.94574803581228,rider.aura.bulb
73,-3.1850575418437765,55.94574803581228,180,-3.1853575418437767,55.94574803581228,null
74,-3.1853575418437767,55.94574803581228,180,-3.185657541843777,55.94574803581228,null
75,-3.185657541843777,55.94574803581228,180,-3.185957541843777,55.94574803581228,null
76,-3.185957541843777,55.94574803581228,180,-3.1862575418437773,55.94574803581228,posts.kicked.universally
77,-3.1862575418437773,55.94574803581228,210,-3.186517349464913,55.94559803581228,null
78,-3.186517349464913,55.94559803581228,200,-3.1867992572511485,55.94549542976928,spent.spoon.bolt
79,-3.1867992572511485,55.94549542976928,290,-3.186696651208151,55.94521352198304,null
80,-3.186696651208151,55.94521352198304,300,-3.186546651208151,55.94495371436191,laws.merit.bleak
81,-3.186546651208151,55.94495371436191,260,-3.186598745661451,55.944658272036,artist.gets.react
82,-3.186598745661451,55.944658272036,340,-3.186316837875215,55.944555665993,null
83,-3.186316837875215,55.944555665993,310,-3.1861240015923094,55.944325852660064,organs.shape.fantastic
84,-3.1861240015923094,55.944325852660064,230,-3.186316837875215,55.94409603932713,null
85,-3.186316837875215,55.94409603932713,190,-3.186612280201119,55.944043944873826,lime.learns.front
86,-3.186612280201119,55.944043944873826,180,-3.186912280201119,55.944043944873826,null
87,-3.186912280201119,55.944043944873826,160,-3.187194187987355,55.94414655091683,null
88,-3.187194187987355,55.94414655091683,160,-3.1874760957735906,55.94424915695983,null
89,-3.1874760957735906,55.94424915695983,160,-3.1877580035598263,55.94435176300283,null
