1,-3.1878,55.9444,20,-3.1875180922137645,55.944502606043,null
2,-3.1875180922137645,55.944502606043,20,-3.1872361844275288,55.944605212086,null
3,-3.1872361844275288,55.944605212086,10,-3.186940742101625,55.944657306539305,null
4,-3.186940742101625,55.944657306539305,30,-3.1866809344804894,55.9448073065393,laws.merit.bleak
5,-3.1866809344804894,55.9448073065393,330,-3.186421126859354,55.944657306539305,rated.fired.crowds
6,-3.186421126859354,55.944657306539305,340,-3.186139219073118,55.944554700496305,null
7,-3.186139219073118,55.944554700496305,340,-3.1858573112868824,55.944452094453304,null
8,-3.1858573112868824,55.944452094453304,0,-3.1855573112868822,55.944452094453304,atoms.vanish.foods
9,-3.1855573112868822,55.944452094453304,230,-3.185750147569788,55.94422228112037,null
10,-3.185750147569788,55.94422228112037,230,-3.185942983852694,55.94399246778743,teams.mild.played
11,-3.185942983852694,55.94399246778743,160,-3.1862248916389295,55.94409507383043,null
12,-3.1862248916389295,55.94409507383043,180,-3.1865248916389297,55.94409507383043,null
13,-3.1865248916389297,55.94409507383043,190,-3.1868203339648336,55.94404297937713,null
14,-3.1868203339648336,55.94404297937713,180,-3.1871203339648337,55.94404297937713,null
15,-3.1871203339648337,55.94404297937713,110,-3.1872229400078314,55.94432488716337,only.fairly.rift
16,-3.1872229400078314,55.94432488716337,240,-3.1873729400078314,55.944065079542234,null
17,-3.1873729400078314,55.944065079542234,240,-3.1875229400078315,55.9438052719211,null
18,-3.1875229400078315,55.9438052719211,240,-3.1876729400078316,55.943545464299966,null
19,-3.1876729400078316,55.943545464299966,240,-3.1878229400078317,55.94328565667883,gums.clock.modes
20,-3.1878229400078317,55.94328565667883,280,-3.1877708455545317,55.942990214352925,null
21,-3.1877708455545317,55.942990214352925,250,-3.1878734515975293,55.942708306566686,panic.squad.danger
22,-3.1878734515975293,55.942708306566686,10,-3.1875780092716255,55.94276040101999,null
23,-3.1875780092716255,55.94276040101999,10,-3.1872825669457217,55.94281249547329,null
24,-3.1872825669457217,55.94281249547329,0,-3.1869825669457215,55.94281249547329,valve.elaborate.fortunate
25,-3.1869825669457215,55.94281249547329,0,-3.1866825669457213,55.94281249547329,null
26,-3.1866825669457213,55.94281249547329,0,-3.186382566945721,55.94281249547329,under.retire.bump
27,-3.186382566945721,55.94281249547329,0,-3.186082566945721,55.94281249547329,null
28,-3.186082566945721,55.94281249547329,10,-3.185787124619817,55.94286458992659,null
29,-3.185787124619817,55.94286458992659,0,-3.185487124619817,55.94286458992659,dent.shins.cycle
30,-3.185487124619817,55.94286458992659,70,-3.1853845185768193,55.94314649771283,null
31,-3.1853845185768193,55.94314649771283,70,-3.1852819125338216,55.94342840549907,null
32,-3.1852819125338216,55.94342840549907,30,-3.185022104912686,55.94357840549907,hello.love.keys
33,-3.185022104912686,55.94357840549907,100,-3.185074199365986,55.943873847824975,null
34,-3.185074199365986,55.943873847824975,100,-3.185126293819286,55.94416929015088,null
35,-3.185126293819286,55.94416929015088,110,-3.1852288998622837,55.94445119793712,acid.chair.butter
36,-3.1852288998622837,55.94445119793712,40,-3.184999086529348,55.944644034220026,slide.leads.stores
37,-3.184999086529348,55.944644034220026,90,-3.184999086529348,55.94494403422003,null
38,-3.184999086529348,55.94494403422003,90,-3.184999086529348,55.94524403422003,null
39,-3.184999086529348,55.94524403422003,90,-3.184999086529348,55.945544034220035,null
40,-3.184999086529348,55.945544034220035,100,-3.185051180982648,55.94583947654594,rider.aura.bulb
41,-3.185051180982648,55.94583947654594,190,-3.185346623308552,55.94578738209264,null
42,-3.185346623308552,55.94578738209264,150,-3.1856064309296874,55.94593738209264,shed.desire.muddy
43,-3.1856064309296874,55.94593738209264,180,-3.1859064309296876,55.94593738209264,null
44,-3.1859064309296876,55.94593738209264,180,-3.186206430929688,55.94593738209264,null
45,-3.186206430929688,55.94593738209264,180,-3.186506430929688,55.94593738209264,null
46,-3.186506430929688,55.94593738209264,180,-3.186806430929688,55.94593738209264,null
47,-3.186806430929688,55.94593738209264,180,-3.1871064309296884,55.94593738209264,null
48,-3.1871064309296884,55.94593738209264,140,-3.187336244262624,55.946130218375544,slips.mass.baking
49,-3.187336244262624,55.946130218375544,210,-3.1875960518837596,55.945980218375546,null
50,-3.1875960518837596,55.945980218375546,210,-3.187855859504895,55.94583021837555,null
51,-3.187855859504895,55.94583021837555,210,-3.1881156671260307,55.94568021837555,null
52,-3.1881156671260307,55.94568021837555,180,-3.188415667126031,55.94568021837555,skills.less.herb
53,-3.188415667126031,55.94568021837555,300,-3.1882656671260308,55.945420410754416,null
54,-3.1882656671260308,55.945420410754416,300,-3.1881156671260307,55.94516060313328,null
55,-3.1881156671260307,55.94516060313328,300,-3.1879656671260306,55.94490079551215,null
56,-3.1879656671260306,55.94490079551215,260,-3.1880177615793306,55.94460535318624,hurt.green.filer
57,-3.1880177615793306,55.94460535318624,160,-3.1882996693655663,55.94470795922924,null
58,-3.1882996693655663,55.94470795922924,160,-3.188581577151802,55.94481056527224,null
59,-3.188581577151802,55.94481056527224,160,-3.1888634849380377,55.94491317131524,null
60,-3.1888634849380377,55.94491317131524,150,-3.1891232925591733,55.94506317131524,number.exist.rate
61,-3.1891232925591733,55.94506317131524,130,-3.189316128842079,55.94529298464818,null
62,-3.189316128842079,55.94529298464818,130,-3.189508965124985,55.94552279798111,null
63,-3.189508965124985,55.94552279798111,130,-3.1897018014078906,55.94575261131405,null
64,-3.1897018014078906,55.94575261131405,130,-3.1898946376907964,55.945982424646985,love.behind.orchestra
65,-3.1898946376907964,55.945982424646985,180,-3.1901946376907966,55.945982424646985,null
66,-3.1901946376907966,55.945982424646985,180,-3.1904946376907968,55.945982424646985,null
67,-3.1904946376907968,55.945982424646985,180,-3.190794637690797,55.945982424646985,null
68,-3.190794637690797,55.945982424646985,180,-3.191094637690797,55.945982424646985,simple.rust.audio
69,-3.191094637690797,55.945982424646985,220,-3.191324451023733,55.94578958836408,null
70,-3.191324451023733,55.94578958836408,220,-3.1915542643566686,55.94559675208117,null
71,-3.1915542643566686,55.94559675208117,220,-3.1917840776896043,55.945403915798266,null
72,-3.1917840776896043,55.945403915798266,210,-3.19204388531074,55.94525391579827,null
73,-3.19204388531074,55.94525391579827,180,-3.19234388531074,55.94525391579827,useful.hike.trades
74,-3.19234388531074,55.94525391579827,0,-3.19204388531074,55.94525391579827,null
75,-3.19204388531074,55.94525391579827,350,-3.191748442984836,55.945201821344966,hills.feels.tunes
76,-3.191748442984836,55.945201821344966,340,-3.1914665351986002,55.945099215301966,null
77,-3.1914665351986002,55.945099215301966,350,-3.1911710928726964,55.94504712084866,shapes.sheep.nature
78,-3.1911710928726964,55.94504712084866,270,-3.1911710928726964,55.94474712084866,null
79,-3.1911710928726964,55.94474712084866,280,-3.1911189984193964,55.94445167852275,null
80,-3.1911189984193964,55.94445167852275,240,-3.1912689984193965,55.94419187090162,hills.giant.crate
81,-3.1912689984193965,55.94419187090162,290,-3.191166392376399,55.94390996311538,null
82,-3.191166392376399,55.94390996311538,250,-3.1912689984193965,55.94362805532914,loaf.cheer.slave
83,-3.1912689984193965,55.94362805532914,280,-3.1912169039660965,55.943332613003236,null
84,-3.1912169039660965,55.943332613003236,280,-3.1911648095127965,55.94303717067733,null
85,-3.1911648095127965,55.94303717067733,240,-3.1913148095127966,55.942777363056194,along.spill.limp
86,-3.1913148095127966,55.942777363056194,0,-3.1910148095127964,55.942777363056194,null
87,-3.1910148095127964,55.942777363056194,10,-3.1907193671868925,55.9428294575095,tonic.bliss.cove
88,-3.1907193671868925,55.9428294575095,60,-3.1905693671868924,55.94308926513063,relate.chill.vest
89,-3.1905693671868924,55.94308926513063,50,-3.1903765309039867,55.94331907846357,null
90,-3.1903765309039867,55.94331907846357,50,-3.190183694621081,55.9435488917965,null
91,-3.190183694621081,55.9435488917965,60,-3.1900336946210808,55.94380869941764,null
92,-3.1900336946210808,55.94380869941764,50,-3.189840858338175,55.94403851275057,cliff.asleep.wedge
93,-3.189840858338175,55.94403851275057,350,-3.189545416012271,55.94398641829727,null
94,-3.189545416012271,55.94398641829727,350,-3.1892499736863673,55.94393432384397,null
95,-3.1892499736863673,55.94393432384397,0,-3.188949973686367,55.94393432384397,noted.friday.jams
96,-3.188949973686367,55.94393432384397,260,-3.189002068139667,55.94363888151806,labels.hotels.alert
97,-3.189002068139667,55.94363888151806,30,-3.1887422605185316,55.94378888151806,null
98,-3.1887422605185316,55.94378888151806,30,-3.188482452897396,55.94393888151806,null
99,-3.188482452897396,55.94393888151806,0,-3.188182452897396,55.94393888151806,rush.crown.link
100,-3.188182452897396,55.94393888151806,50,-3.18798961661449,55.944168694850994,null
