1,-3.1878,55.9444,300,-3.18765,55.94414019237887,null
2,-3.18765,55.94414019237887,300,-3.1875,55.94388038475773,begins.spider.drips
3,-3.1875,55.94388038475773,110,-3.1876026060429976,55.94416229254397,null
4,-3.1876026060429976,55.94416229254397,120,-3.1877526060429977,55.944422100165106,null
5,-3.1877526060429977,55.944422100165106,110,-3.1878552120859953,55.944704007951344,hurt.green.filer
6,-3.1878552120859953,55.944704007951344,120,-3.1880052120859954,55.94496381557248,null
7,-3.1880052120859954,55.94496381557248,120,-3.1881552120859955,55.94522362319361,null
8,-3.1881552120859955,55.94522362319361,120,-3.1883052120859956,55.94548343081475,null
9,-3.1883052120859956,55.94548343081475,120,-3.1884552120859957,55.94574323843588,bend.tubes.chops
10,-3.1884552120859957,55.94574323843588,220,-3.1886850254189314,55.945550402152975,shady.soft.phones
11,-3.1886850254189314,55.945550402152975,110,-3.188787631461929,55.94583230993921,stops.else.chats
12,-3.188787631461929,55.94583230993921,170,-3.189083073787833,55.945884404392515,null
13,-3.189083073787833,55.945884404392515,170,-3.1893785161137367,55.94593649884582,coherent.saints.stuck
14,-3.1893785161137367,55.94593649884582,210,-3.189638323734872,55.94578649884582,null
15,-3.189638323734872,55.94578649884582,210,-3.1898981313560077,55.94563649884582,null
16,-3.1898981313560077,55.94563649884582,210,-3.1901579389771433,55.945486498845824,null
17,-3.1901579389771433,55.945486498845824,170,-3.190453381303047,55.945538593299126,jump.crop.fits
18,-3.190453381303047,55.945538593299126,210,-3.1907131889241827,55.94538859329913,null
19,-3.1907131889241827,55.94538859329913,200,-3.1909950967104184,55.94528598725613,maple.limit.hotels
20,-3.1909950967104184,55.94528598725613,190,-3.191290539036322,55.945233892802825,null
21,-3.191290539036322,55.945233892802825,190,-3.191585981362226,55.94518179834952,null
22,-3.191585981362226,55.94518179834952,190,-3.19188142368813,55.94512970389622,null
23,-3.19188142368813,55.94512970389622,180,-3.19218142368813,55.94512970389622,useful.hike.trades
24,-3.19218142368813,55.94512970389622,330,-3.1919216160669945,55.94497970389622,null
25,-3.1919216160669945,55.94497970389622,330,-3.191661808445859,55.944829703896225,null
26,-3.191661808445859,55.944829703896225,330,-3.1914020008247235,55.94467970389623,null
27,-3.1914020008247235,55.94467970389623,320,-3.1911721874917878,55.94448686761332,paying.crowd.weep
28,-3.1911721874917878,55.94448686761332,280,-3.1911200930384878,55.944191425287414,null
29,-3.1911200930384878,55.944191425287414,240,-3.191270093038488,55.94393161766628,spicy.bunch.shady
30,-3.191270093038488,55.94393161766628,300,-3.1911200930384878,55.943671810045146,null
31,-3.1911200930384878,55.943671810045146,300,-3.1909700930384877,55.94341200242401,null
32,-3.1909700930384877,55.94341200242401,300,-3.1908200930384876,55.94315219480288,null
33,-3.1908200930384876,55.94315219480288,310,-3.190627256755582,55.94292238146994,tonic.bliss.cove
34,-3.190627256755582,55.94292238146994,340,-3.190345348969346,55.94281977542694,null
35,-3.190345348969346,55.94281977542694,340,-3.1900634411831104,55.94271716938394,null
36,-3.1900634411831104,55.94271716938394,350,-3.1897679988572065,55.94266507493064,hooked.shine.third
37,-3.1897679988572065,55.94266507493064,80,-3.1897159044039065,55.942960517256545,null
38,-3.1897159044039065,55.942960517256545,80,-3.1896638099506065,55.94325595958245,null
39,-3.1896638099506065,55.94325595958245,90,-3.1896638099506065,55.943555959582454,null
40,-3.1896638099506065,55.943555959582454,40,-3.189433996617671,55.94374879586536,burn.spot.across
41,-3.189433996617671,55.94374879586536,140,-3.1896638099506065,55.94394163214827,null
42,-3.1896638099506065,55.94394163214827,100,-3.1897159044039065,55.944237074474174,cliff.asleep.wedge
43,-3.1897159044039065,55.944237074474174,0,-3.1894159044039063,55.944237074474174,null
44,-3.1894159044039063,55.944237074474174,0,-3.189115904403906,55.944237074474174,spoon.invest.every
45,-3.189115904403906,55.944237074474174,300,-3.188965904403906,55.94397726685304,null
46,-3.188965904403906,55.94397726685304,290,-3.1888632983609084,55.9436953590668,null
47,-3.1888632983609084,55.9436953590668,300,-3.1887132983609083,55.94343555144567,system.speak.guard
48,-3.1887132983609083,55.94343555144567,350,-3.1884178560350045,55.943383456992365,null
49,-3.1884178560350045,55.943383456992365,340,-3.188135948248769,55.943280850949364,null
50,-3.188135948248769,55.943280850949364,350,-3.187840505922865,55.94322875649606,gums.clock.modes
51,-3.187840505922865,55.94322875649606,290,-3.1877378998798673,55.94294684870982,panic.squad.danger
52,-3.1877378998798673,55.94294684870982,340,-3.1874559920936316,55.94284424266682,null
53,-3.1874559920936316,55.94284424266682,340,-3.187174084307396,55.94274163662382,null
54,-3.187174084307396,55.94274163662382,0,-3.1868740843073957,55.94274163662382,strut.river.surely
55,-3.1868740843073957,55.94274163662382,120,-3.187024084307396,55.943001444244956,null
56,-3.187024084307396,55.943001444244956,120,-3.187174084307396,55.94326125186609,scale.chair.kinds
57,-3.187174084307396,55.94326125186609,30,-3.1869142766862604,55.94341125186609,null
58,-3.1869142766862604,55.94341125186609,30,-3.186654469065125,55.943561251866086,null
59,-3.186654469065125,55.943561251866086,30,-3.1863946614439893,55.943711251866084,null
60,-3.1863946614439893,55.943711251866084,30,-3.1861348538228538,55.94386125186608,teams.mild.played
61,-3.1861348538228538,55.94386125186608,260,-3.186186948276154,55.943565809540175,null
62,-3.186186948276154,55.943565809540175,260,-3.186239042729454,55.94327036721427,null
63,-3.186239042729454,55.94327036721427,250,-3.1863416487724514,55.94298845942803,hers.banks.goat
64,-3.1863416487724514,55.94298845942803,350,-3.1860462064465476,55.94293636497473,null
65,-3.1860462064465476,55.94293636497473,350,-3.1857507641206437,55.942884270521425,dent.shins.cycle
66,-3.1857507641206437,55.942884270521425,30,-3.185490956499508,55.94303427052142,null
67,-3.185490956499508,55.94303427052142,40,-3.1852611431665725,55.94322710680433,null
68,-3.1852611431665725,55.94322710680433,30,-3.185001335545437,55.94337710680433,sentences.sings.modern
69,-3.185001335545437,55.94337710680433,100,-3.185053429998737,55.943672549130234,null
70,-3.185053429998737,55.943672549130234,100,-3.185105524452037,55.94396799145614,null
71,-3.185105524452037,55.94396799145614,100,-3.185157618905337,55.94426343378205,null
72,-3.185157618905337,55.94426343378205,100,-3.185209713358637,55.944558876107955,acid.chair.butter
73,-3.185209713358637,55.944558876107955,30,-3.1849499057375015,55.94470887610795,slide.leads.stores
74,-3.1849499057375015,55.94470887610795,30,-3.184690098116366,55.94485887610795,null
75,-3.184690098116366,55.94485887610795,0,-3.1843900981163658,55.94485887610795,sports.topic.clocks
76,-3.1843900981163658,55.94485887610795,110,-3.1844927041593634,55.94514078389419,settle.title.united
77,-3.1844927041593634,55.94514078389419,130,-3.184685540442269,55.945370597227125,null
78,-3.184685540442269,55.945370597227125,130,-3.184878376725175,55.94560041056006,null
79,-3.184878376725175,55.94560041056006,120,-3.185028376725175,55.945860218181195,rider.aura.bulb
80,-3.185028376725175,55.945860218181195,190,-3.185323819051079,55.94580812372789,null
81,-3.185323819051079,55.94580812372789,190,-3.1856192613769827,55.94575602927459,null
82,-3.1856192613769827,55.94575602927459,190,-3.1859147037028865,55.94570393482129,null
83,-3.1859147037028865,55.94570393482129,190,-3.1862101460287904,55.94565184036799,null
84,-3.1862101460287904,55.94565184036799,200,-3.186492053815026,55.945549234324986,null
85,-3.186492053815026,55.945549234324986,190,-3.18678749614093,55.945497139871684,spent.spoon.bolt
86,-3.18678749614093,55.945497139871684,40,-3.1865576828079942,55.94568997615459,hidden.handle.softly
87,-3.1865576828079942,55.94568997615459,280,-3.186505588354694,55.94539453382868,null
88,-3.186505588354694,55.94539453382868,280,-3.186453493901394,55.945099091502776,null
89,-3.186453493901394,55.945099091502776,280,-3.186401399448094,55.94480364917687,rated.fired.crowds
90,-3.186401399448094,55.94480364917687,200,-3.18668330723433,55.94470104313387,null
91,-3.18668330723433,55.94470104313387,200,-3.1869652150205656,55.94459843709087,null
92,-3.1869652150205656,55.94459843709087,190,-3.1872606573464695,55.944546342637565,null
93,-3.1872606573464695,55.944546342637565,200,-3.187542565132705,55.944443736594565,null
