1,-3.1878,55.9444,10,-3.1875045576740964,55.944452094453304,null
2,-3.1875045576740964,55.944452094453304,10,-3.1872091153481925,55.944504188906606,null
3,-3.1872091153481925,55.944504188906606,10,-3.1869136730222887,55.94455628335991,artist.gets.react
4,-3.1869136730222887,55.94455628335991,40,-3.186683859689353,55.944749119642815,null
5,-3.186683859689353,55.944749119642815,10,-3.186388417363449,55.94480121409612,laws.merit.bleak
6,-3.186388417363449,55.94480121409612,290,-3.1862858113204515,55.94451930630988,rated.fired.crowds
7,-3.1862858113204515,55.94451930630988,310,-3.1860929750375457,55.94428949297694,organs.shape.fantastic
8,-3.1860929750375457,55.94428949297694,220,-3.1863227883704814,55.944096656694036,null
9,-3.1863227883704814,55.944096656694036,190,-3.1866182306963853,55.944044562240734,null
10,-3.1866182306963853,55.944044562240734,190,-3.186913673022289,55.94399246778743,renew.ears.tend
11,-3.186913673022289,55.94399246778743,190,-3.187209115348193,55.94394037333413,null
12,-3.187209115348193,55.94394037333413,190,-3.187504557674097,55.94388827888083,begins.spider.drips
13,-3.187504557674097,55.94388827888083,290,-3.187401951631099,55.94360637109459,null
14,-3.187401951631099,55.94360637109459,300,-3.187251951631099,55.943346563473455,null
15,-3.187251951631099,55.943346563473455,290,-3.1871493455881015,55.943064655687216,null
16,-3.1871493455881015,55.943064655687216,300,-3.1869993455881014,55.94280484806608,strut.river.surely
17,-3.1869993455881014,55.94280484806608,0,-3.186699345588101,55.94280484806608,null
18,-3.186699345588101,55.94280484806608,0,-3.186399345588101,55.94280484806608,under.retire.bump
19,-3.186399345588101,55.94280484806608,70,-3.1862967395451034,55.94308675585232,hers.banks.goat
20,-3.1862967395451034,55.94308675585232,30,-3.186036931923968,55.94323675585232,null
21,-3.186036931923968,55.94323675585232,30,-3.1857771243028323,55.943386755852316,null
22,-3.1857771243028323,55.943386755852316,30,-3.185517316681697,55.943536755852314,null
23,-3.185517316681697,55.943536755852314,20,-3.185235408895461,55.943639361895315,hello.love.keys
24,-3.185235408895461,55.943639361895315,20,-3.1849535011092254,55.943741967938315,null
25,-3.1849535011092254,55.943741967938315,20,-3.1846715933229897,55.943844573981316,rider.mile.lime
26,-3.1846715933229897,55.943844573981316,130,-3.1848644296058954,55.94407438731425,null
27,-3.1848644296058954,55.94407438731425,130,-3.1850572658888012,55.94430420064719,null
28,-3.1850572658888012,55.94430420064719,120,-3.1852072658888013,55.94456400826832,acid.chair.butter
29,-3.1852072658888013,55.94456400826832,30,-3.184947458267666,55.94471400826832,null
30,-3.184947458267666,55.94471400826832,30,-3.1846876506465303,55.94486400826832,null
31,-3.1846876506465303,55.94486400826832,20,-3.1844057428602945,55.94496661431132,sports.topic.clocks
32,-3.1844057428602945,55.94496661431132,110,-3.184508348903292,55.94524852209756,settle.title.united
33,-3.184508348903292,55.94524852209756,130,-3.184701185186198,55.945478335430494,null
34,-3.184701185186198,55.945478335430494,130,-3.1848940214691037,55.94570814876343,null
35,-3.1848940214691037,55.94570814876343,130,-3.1850868577520095,55.945937962096366,rider.aura.bulb
36,-3.1850868577520095,55.945937962096366,140,-3.185316671084945,55.94613079837927,prime.rent.silk
37,-3.185316671084945,55.94613079837927,190,-3.185612113410849,55.94607870392597,null
38,-3.185612113410849,55.94607870392597,190,-3.185907555736753,55.94602660947267,renew.slows.basket
39,-3.185907555736753,55.94602660947267,200,-3.1861894635229886,55.94592400342967,null
40,-3.1861894635229886,55.94592400342967,190,-3.1864849058488924,55.945871908976365,null
41,-3.1864849058488924,55.945871908976365,200,-3.186766813635128,55.945769302933364,null
42,-3.186766813635128,55.945769302933364,190,-3.187062255961032,55.94571720848006,null
43,-3.187062255961032,55.94571720848006,200,-3.1873441637472677,55.94561460243706,diner.leaves.mutual
44,-3.1873441637472677,55.94561460243706,160,-3.1876260715335034,55.94571720848006,null
45,-3.1876260715335034,55.94571720848006,160,-3.187907979319739,55.94581981452306,null
46,-3.187907979319739,55.94581981452306,160,-3.188189887105975,55.94592242056606,null
47,-3.188189887105975,55.94592242056606,160,-3.1884717948922106,55.946025026609064,boost.radar.stress
48,-3.1884717948922106,55.946025026609064,200,-3.1887537026784463,55.94592242056606,null
49,-3.1887537026784463,55.94592242056606,210,-3.189013510299582,55.945772420566065,null
50,-3.189013510299582,55.945772420566065,200,-3.1892954180858175,55.945669814523065,museum.spicy.horns
51,-3.1892954180858175,55.945669814523065,170,-3.1895908604117214,55.94572190897637,null
52,-3.1895908604117214,55.94572190897637,170,-3.189886302737625,55.94577400342967,null
53,-3.189886302737625,55.94577400342967,170,-3.190181745063529,55.94582609788297,null
54,-3.190181745063529,55.94582609788297,170,-3.190477187389433,55.945878192336274,null
55,-3.190477187389433,55.945878192336274,170,-3.1907726297153367,55.945930286789576,null
56,-3.1907726297153367,55.945930286789576,170,-3.1910680720412405,55.94598238124288,simple.rust.audio
57,-3.1910680720412405,55.94598238124288,270,-3.1910680720412405,55.945682381242875,null
58,-3.1910680720412405,55.945682381242875,280,-3.1910159775879405,55.94538693891697,maple.limit.hotels
59,-3.1910159775879405,55.94538693891697,200,-3.1912978853741762,55.94528433287397,null
60,-3.1912978853741762,55.94528433287397,200,-3.191579793160412,55.94518172683097,hills.feels.tunes
61,-3.191579793160412,55.94518172683097,340,-3.1912978853741762,55.945079120787966,null
62,-3.1912978853741762,55.945079120787966,340,-3.1910159775879405,55.944976514744965,shapes.sheep.nature
63,-3.1910159775879405,55.944976514744965,260,-3.1910680720412405,55.94468107241906,null
64,-3.1910680720412405,55.94468107241906,270,-3.1910680720412405,55.944381072419056,null
65,-3.1910680720412405,55.944381072419056,260,-3.1911201664945406,55.94408563009315,null
66,-3.1911201664945406,55.94408563009315,270,-3.1911201664945406,55.943785630093146,null
67,-3.1911201664945406,55.943785630093146,260,-3.1911722609478406,55.94349018776724,meal.feed.large
68,-3.1911722609478406,55.94349018776724,270,-3.1911722609478406,55.943190187767236,null
69,-3.1911722609478406,55.943190187767236,270,-3.1911722609478406,55.94289018776723,along.spill.limp
70,-3.1911722609478406,55.94289018776723,10,-3.1908768186219367,55.942942282220535,null
71,-3.1908768186219367,55.942942282220535,20,-3.190594910835701,55.943044888263536,null
72,-3.190594910835701,55.943044888263536,10,-3.190299468509797,55.94309698271684,null
73,-3.190299468509797,55.94309698271684,20,-3.1900175607235615,55.94319958875984,shows.fries.lamp
74,-3.1900175607235615,55.94319958875984,10,-3.1897221183976576,55.94325168321314,null
75,-3.1897221183976576,55.94325168321314,0,-3.1894221183976574,55.94325168321314,rents.cone.stove
76,-3.1894221183976574,55.94325168321314,310,-3.1892292821147517,55.943021869880205,region.passes.pencil
77,-3.1892292821147517,55.943021869880205,30,-3.188969474493616,55.9431718698802,null
78,-3.188969474493616,55.9431718698802,40,-3.1887396611606804,55.94336470616311,system.speak.guard
79,-3.1887396611606804,55.94336470616311,300,-3.1885896611606803,55.943104898541975,groups.ideas.script
80,-3.1885896611606803,55.943104898541975,10,-3.1882942188347765,55.94315699299528,null
81,-3.1882942188347765,55.94315699299528,10,-3.1879987765088726,55.94320908744858,gums.clock.modes
82,-3.1879987765088726,55.94320908744858,70,-3.187896170465875,55.94349099523482,null
83,-3.187896170465875,55.94349099523482,70,-3.1877935644228774,55.943772903021056,null
84,-3.1877935644228774,55.943772903021056,70,-3.18769095837988,55.944054810807295,bound.ends.matter
85,-3.18769095837988,55.944054810807295,110,-3.1877935644228774,55.94433671859353,null
