1,-3.1878,55.9444,300,-3.18765,55.94414019237887,bound.ends.matter
2,-3.18765,55.94414019237887,80,-3.1875979055467,55.944435634704774,thank.salsa.brain
3,-3.1875979055467,55.944435634704774,230,-3.187790741829606,55.94420582137184,null
4,-3.187790741829606,55.94420582137184,230,-3.1879835781125117,55.9439760080389,null
5,-3.1879835781125117,55.9439760080389,200,-3.1882654858987474,55.9438734019959,cubs.trucks.help
6,-3.1882654858987474,55.9438734019959,200,-3.188547393684983,55.9437707959529,null
7,-3.188547393684983,55.9437707959529,200,-3.188829301471219,55.9436681899099,labels.hotels.alert
8,-3.188829301471219,55.9436681899099,240,-3.188979301471219,55.943408382288766,null
9,-3.188979301471219,55.943408382288766,240,-3.189129301471219,55.94314857466763,region.passes.pencil
10,-3.189129301471219,55.94314857466763,120,-3.189279301471219,55.943408382288766,rents.cone.stove
11,-3.189279301471219,55.943408382288766,240,-3.189429301471219,55.94314857466763,null
12,-3.189429301471219,55.94314857466763,240,-3.1895793014712193,55.9428887670465,null
13,-3.1895793014712193,55.9428887670465,200,-3.189861209257455,55.9427861610035,hooked.shine.third
14,-3.189861209257455,55.9427861610035,170,-3.190156651583359,55.9428382554568,null
15,-3.190156651583359,55.9428382554568,170,-3.1904520939092627,55.9428903499101,null
16,-3.1904520939092627,55.9428903499101,170,-3.1907475362351665,55.9429424443634,null
17,-3.1907475362351665,55.9429424443634,160,-3.191029444021402,55.943045050406404,else.urban.museum
18,-3.191029444021402,55.943045050406404,120,-3.1911794440214023,55.94330485802754,null
19,-3.1911794440214023,55.94330485802754,120,-3.1913294440214024,55.94356466564867,null
20,-3.1913294440214024,55.94356466564867,120,-3.1914794440214025,55.94382447326981,null
21,-3.1914794440214025,55.94382447326981,120,-3.1916294440214026,55.94408428089094,null
22,-3.1916294440214026,55.94408428089094,120,-3.1917794440214027,55.944344088512075,null
23,-3.1917794440214027,55.944344088512075,120,-3.1919294440214028,55.94460389613321,null
24,-3.1919294440214028,55.94460389613321,120,-3.192079444021403,55.94486370375434,null
25,-3.192079444021403,55.94486370375434,80,-3.192027349568103,55.94515914608025,useful.hike.trades
26,-3.192027349568103,55.94515914608025,80,-3.191975255114803,55.94545458840616,null
27,-3.191975255114803,55.94545458840616,80,-3.191923160661503,55.945750030732064,null
28,-3.191923160661503,55.945750030732064,40,-3.191693347328567,55.94594286701497,stone.undulation.poems
29,-3.191693347328567,55.94594286701497,310,-3.1915005110456613,55.945713053682034,null
30,-3.1915005110456613,55.945713053682034,320,-3.1912706977127256,55.94552021739913,null
31,-3.1912706977127256,55.94552021739913,310,-3.19107786142982,55.94529040406619,maple.limit.hotels
32,-3.19107786142982,55.94529040406619,300,-3.1909278614298198,55.94503059644506,null
33,-3.1909278614298198,55.94503059644506,300,-3.1907778614298197,55.944770788823924,null
34,-3.1907778614298197,55.944770788823924,290,-3.190675255386822,55.944488881037685,null
35,-3.190675255386822,55.944488881037685,300,-3.190525255386822,55.94422907341655,null
36,-3.190525255386822,55.94422907341655,250,-3.1906278614298196,55.94394716563031,pump.wheels.hulk
37,-3.1906278614298196,55.94394716563031,320,-3.190398048096884,55.943754329347406,sculpture.shot.melon
38,-3.190398048096884,55.943754329347406,300,-3.190248048096884,55.94349452172627,arts.dish.scarcely
39,-3.190248048096884,55.94349452172627,30,-3.1899882404757482,55.94364452172627,null
40,-3.1899882404757482,55.94364452172627,30,-3.1897284328546127,55.94379452172627,null
41,-3.1897284328546127,55.94379452172627,30,-3.189468625233477,55.943944521726266,null
42,-3.189468625233477,55.943944521726266,40,-3.1892388119005415,55.94413735800917,spoon.invest.every
43,-3.1892388119005415,55.94413735800917,110,-3.189341417943539,55.94441926579541,null
44,-3.189341417943539,55.94441926579541,110,-3.1894440239865367,55.94470117358165,null
45,-3.1894440239865367,55.94470117358165,110,-3.1895466300295343,55.94498308136789,null
46,-3.1895466300295343,55.94498308136789,110,-3.189649236072532,55.945264989154126,null
47,-3.189649236072532,55.945264989154126,110,-3.1897518421155295,55.945546896940364,null
48,-3.1897518421155295,55.945546896940364,110,-3.189854448158527,55.9458288047266,null
49,-3.189854448158527,55.9458288047266,80,-3.189802353705227,55.94612424705251,love.behind.orchestra
50,-3.189802353705227,55.94612424705251,340,-3.1895204459189914,55.94602164100951,coherent.saints.stuck
51,-3.1895204459189914,55.94602164100951,330,-3.189260638297856,55.94587164100951,null
52,-3.189260638297856,55.94587164100951,320,-3.18903082496492,55.945678804726604,null
53,-3.18903082496492,55.945678804726604,330,-3.1887710173437847,55.94552880472661,null
54,-3.1887710173437847,55.94552880472661,320,-3.188541204010849,55.9453359684437,null
55,-3.188541204010849,55.9453359684437,330,-3.1882813963897134,55.9451859684437,null
56,-3.1882813963897134,55.9451859684437,320,-3.1880515830567777,55.944993132160796,agents.mile.crib
57,-3.1880515830567777,55.944993132160796,120,-3.188201583056778,55.94525293978193,null
58,-3.188201583056778,55.94525293978193,80,-3.188149488603478,55.94554838210784,skills.less.herb
59,-3.188149488603478,55.94554838210784,30,-3.1878896809823423,55.945698382107835,null
60,-3.1878896809823423,55.945698382107835,30,-3.1876298733612067,55.94584838210783,null
61,-3.1876298733612067,55.94584838210783,0,-3.1873298733612065,55.94584838210783,slips.mass.baking
62,-3.1873298733612065,55.94584838210783,310,-3.1871370370783008,55.9456185687749,null
63,-3.1871370370783008,55.9456185687749,310,-3.186944200795395,55.94538875544196,spent.spoon.bolt
64,-3.186944200795395,55.94538875544196,310,-3.186751364512489,55.945158942109025,dragon.bottle.crisp
65,-3.186751364512489,55.945158942109025,0,-3.186451364512489,55.945158942109025,null
66,-3.186451364512489,55.945158942109025,0,-3.186151364512489,55.945158942109025,null
67,-3.186151364512489,55.945158942109025,0,-3.1858513645124886,55.945158942109025,null
68,-3.1858513645124886,55.945158942109025,10,-3.185555922186585,55.94521103656233,null
69,-3.185555922186585,55.94521103656233,0,-3.1852559221865846,55.94521103656233,null
70,-3.1852559221865846,55.94521103656233,10,-3.1849604798606808,55.94526313101563,null
71,-3.1849604798606808,55.94526313101563,0,-3.1846604798606806,55.94526313101563,settle.title.united
72,-3.1846604798606806,55.94526313101563,300,-3.1845104798606805,55.945003323394495,sports.topic.clocks
73,-3.1845104798606805,55.945003323394495,210,-3.184770287481816,55.9448533233945,null
74,-3.184770287481816,55.9448533233945,210,-3.1850300951029515,55.9447033233945,null
75,-3.1850300951029515,55.9447033233945,180,-3.1853300951029517,55.9447033233945,acid.chair.butter
76,-3.1853300951029517,55.9447033233945,250,-3.1854327011459493,55.94442141560826,null
77,-3.1854327011459493,55.94442141560826,260,-3.1854847955992494,55.944125973282354,manliness.poem.cliff
78,-3.1854847955992494,55.944125973282354,170,-3.185780237925153,55.944178067735656,null
79,-3.185780237925153,55.944178067735656,170,-3.186075680251057,55.94423016218896,organs.shape.fantastic
80,-3.186075680251057,55.94423016218896,290,-3.1859730742080594,55.94394825440272,null
81,-3.1859730742080594,55.94394825440272,290,-3.185870468165062,55.94366634661648,record.sofa.sock
82,-3.185870468165062,55.94366634661648,290,-3.185767862122064,55.94338443883024,null
83,-3.185767862122064,55.94338443883024,290,-3.1856652560790666,55.943102531044005,null
84,-3.1856652560790666,55.943102531044005,260,-3.1857173505323666,55.9428070887181,dent.shins.cycle
85,-3.1857173505323666,55.9428070887181,180,-3.186017350532367,55.9428070887181,null
86,-3.186017350532367,55.9428070887181,150,-3.1862771581535023,55.942957088718096,under.retire.bump
87,-3.1862771581535023,55.942957088718096,160,-3.186559065939738,55.9430596947611,null
88,-3.186559065939738,55.9430596947611,150,-3.1868188735608736,55.943209694761094,null
89,-3.1868188735608736,55.943209694761094,140,-3.1870486868938093,55.943402531044,null
90,-3.1870486868938093,55.943402531044,150,-3.187308494514945,55.943552531044,shut.stands.media
91,-3.187308494514945,55.943552531044,240,-3.187458494514945,55.943292723422864,null
92,-3.187458494514945,55.943292723422864,250,-3.1875611005579425,55.943010815636626,null
93,-3.1875611005579425,55.943010815636626,210,-3.187820908179078,55.94286081563663,panic.squad.danger
94,-3.187820908179078,55.94286081563663,90,-3.187820908179078,55.94316081563663,gums.clock.modes
95,-3.187820908179078,55.94316081563663,90,-3.187820908179078,55.943460815636634,null
96,-3.187820908179078,55.943460815636634,90,-3.187820908179078,55.94376081563664,null
97,-3.187820908179078,55.94376081563664,90,-3.187820908179078,55.94406081563664,null
98,-3.187820908179078,55.94406081563664,90,-3.187820908179078,55.94436081563664,null
