1,-3.1878,55.9444,310,-3.1876071637170944,55.944170186667066,null
2,-3.1876071637170944,55.944170186667066,130,-3.1878,55.9444,thank.salsa.brain
3,-3.1878,55.9444,220,-3.188029813332936,55.944207163717095,null
4,-3.188029813332936,55.944207163717095,210,-3.1882896209540714,55.9440571637171,rush.crown.link
5,-3.1882896209540714,55.9440571637171,120,-3.1884396209540715,55.94431697133823,trades.rare.cable
6,-3.1884396209540715,55.94431697133823,190,-3.1887350632799754,55.94426487688493,null
7,-3.1887350632799754,55.94426487688493,190,-3.189030505605879,55.94421278243163,spoon.invest.every
8,-3.189030505605879,55.94421278243163,100,-3.189082600059179,55.944508224757534,null
9,-3.189082600059179,55.944508224757534,100,-3.189134694512479,55.94480366708344,null
10,-3.189134694512479,55.94480366708344,100,-3.1891867889657792,55.94509910940935,number.exist.rate
11,-3.1891867889657792,55.94509910940935,40,-3.1889569756328435,55.945291945692254,null
12,-3.1889569756328435,55.945291945692254,40,-3.188727162299908,55.94548478197516,null
13,-3.188727162299908,55.94548478197516,50,-3.188534326017002,55.9457145953081,bend.tubes.chops
14,-3.188534326017002,55.9457145953081,90,-3.188534326017002,55.9460145953081,boost.radar.stress
15,-3.188534326017002,55.9460145953081,220,-3.1887641393499377,55.94582175902519,stops.else.chats
16,-3.1887641393499377,55.94582175902519,200,-3.1890460471361735,55.94571915298219,null
17,-3.1890460471361735,55.94571915298219,190,-3.1893414894620773,55.94566705852889,museum.spicy.horns
18,-3.1893414894620773,55.94566705852889,200,-3.189623397248313,55.94556445248589,null
19,-3.189623397248313,55.94556445248589,200,-3.1899053050345487,55.94546184644289,turkey.limit.ramp
20,-3.1899053050345487,55.94546184644289,160,-3.1901872128207844,55.94556445248589,null
21,-3.1901872128207844,55.94556445248589,160,-3.19046912060702,55.94566705852889,null
22,-3.19046912060702,55.94566705852889,160,-3.190751028393256,55.94576966457189,null
23,-3.190751028393256,55.94576966457189,150,-3.1910108360143914,55.94591966457189,simple.rust.audio
24,-3.1910108360143914,55.94591966457189,170,-3.1913062783402952,55.94597175902519,null
25,-3.1913062783402952,55.94597175902519,180,-3.1916062783402954,55.94597175902519,null
26,-3.1916062783402954,55.94597175902519,170,-3.1919017206661993,55.94602385347849,stone.undulation.poems
27,-3.1919017206661993,55.94602385347849,250,-3.192004326709197,55.945741945692255,null
28,-3.192004326709197,55.945741945692255,250,-3.1921069327521945,55.94546003790602,null
29,-3.1921069327521945,55.94546003790602,250,-3.192209538795192,55.94517813011978,useful.hike.trades
30,-3.192209538795192,55.94517813011978,0,-3.191909538795192,55.94517813011978,null
31,-3.191909538795192,55.94517813011978,0,-3.1916095387951917,55.94517813011978,hills.feels.tunes
32,-3.1916095387951917,55.94517813011978,10,-3.191314096469288,55.94523022457308,null
33,-3.191314096469288,55.94523022457308,10,-3.191018654143384,55.94528231902638,null
34,-3.191018654143384,55.94528231902638,10,-3.19072321181748,55.945334413479685,null
35,-3.19072321181748,55.945334413479685,10,-3.1904277694915764,55.94538650793299,jump.crop.fits
36,-3.1904277694915764,55.94538650793299,250,-3.190530375534574,55.94510460014675,null
37,-3.190530375534574,55.94510460014675,240,-3.190680375534574,55.944844792525615,null
38,-3.190680375534574,55.944844792525615,250,-3.1907829815775717,55.944562884739376,null
39,-3.1907829815775717,55.944562884739376,240,-3.1909329815775718,55.94430307711824,null
40,-3.1909329815775718,55.94430307711824,250,-3.1910355876205694,55.944021169332004,spicy.bunch.shady
41,-3.1910355876205694,55.944021169332004,260,-3.1910876820738694,55.9437257270061,loaf.cheer.slave
42,-3.1910876820738694,55.9437257270061,270,-3.1910876820738694,55.943425727006094,null
43,-3.1910876820738694,55.943425727006094,260,-3.1911397765271694,55.94313028468019,null
44,-3.1911397765271694,55.94313028468019,270,-3.1911397765271694,55.942830284680184,along.spill.limp
45,-3.1911397765271694,55.942830284680184,0,-3.190839776527169,55.942830284680184,null
46,-3.190839776527169,55.942830284680184,0,-3.190539776527169,55.942830284680184,tonic.bliss.cove
47,-3.190539776527169,55.942830284680184,60,-3.190389776527169,55.94309009230132,null
48,-3.190389776527169,55.94309009230132,60,-3.190239776527169,55.94334989992245,null
49,-3.190239776527169,55.94334989992245,60,-3.1900897765271687,55.94360970754359,null
50,-3.1900897765271687,55.94360970754359,60,-3.1899397765271686,55.94386951516472,null
51,-3.1899397765271686,55.94386951516472,60,-3.1897897765271686,55.944129322785855,cliff.asleep.wedge
52,-3.1897897765271686,55.944129322785855,330,-3.189529968906033,55.94397932278586,null
53,-3.189529968906033,55.94397932278586,320,-3.1893001555730973,55.94378648650295,null
54,-3.1893001555730973,55.94378648650295,330,-3.189040347951962,55.94363648650295,null
55,-3.189040347951962,55.94363648650295,320,-3.188810534619026,55.94344365022005,system.speak.guard
56,-3.188810534619026,55.94344365022005,30,-3.1885507269978905,55.943593650220045,null
57,-3.1885507269978905,55.943593650220045,30,-3.188290919376755,55.94374365022004,cubs.trucks.help
58,-3.188290919376755,55.94374365022004,320,-3.1880611060438193,55.94355081393714,scare.cubs.resort
59,-3.1880611060438193,55.94355081393714,300,-3.187911106043819,55.943291006316,null
60,-3.187911106043819,55.943291006316,290,-3.1878085000008216,55.943009098529764,null
61,-3.1878085000008216,55.943009098529764,300,-3.1876585000008215,55.94274929090863,panic.squad.danger
62,-3.1876585000008215,55.94274929090863,50,-3.1874656637179157,55.942979104241566,null
63,-3.1874656637179157,55.942979104241566,50,-3.18727282743501,55.9432089175745,scale.chair.kinds
64,-3.18727282743501,55.9432089175745,40,-3.1870430141020742,55.94340175385741,null
65,-3.1870430141020742,55.94340175385741,40,-3.1868132007691385,55.943594590140314,null
66,-3.1868132007691385,55.943594590140314,40,-3.186583387436203,55.94378742642322,null
67,-3.186583387436203,55.94378742642322,40,-3.186353574103267,55.94398026270613,null
68,-3.186353574103267,55.94398026270613,50,-3.1861607378203614,55.94421007603906,organs.shape.fantastic
69,-3.1861607378203614,55.94421007603906,300,-3.1860107378203613,55.94395026841793,null
70,-3.1860107378203613,55.94395026841793,300,-3.185860737820361,55.943690460796795,record.sofa.sock
71,-3.185860737820361,55.943690460796795,340,-3.1855788300341255,55.943587854753794,null
72,-3.1855788300341255,55.943587854753794,350,-3.1852833877082216,55.94353576030049,null
73,-3.1852833877082216,55.94353576030049,340,-3.185001479921986,55.94343315425749,sentences.sings.modern
74,-3.185001479921986,55.94343315425749,310,-3.18480864363908,55.943203340924555,brings.remedy.latter
75,-3.18480864363908,55.943203340924555,290,-3.1847060375960825,55.942921433138316,courier.assume.bill
76,-3.1847060375960825,55.942921433138316,80,-3.1846539431427825,55.94321687546422,null
77,-3.1846539431427825,55.94321687546422,80,-3.1846018486894825,55.94351231779013,null
78,-3.1846018486894825,55.94351231779013,80,-3.1845497542361825,55.94380776011604,null
79,-3.1845497542361825,55.94380776011604,90,-3.1845497542361825,55.94410776011604,null
80,-3.1845497542361825,55.94410776011604,80,-3.1844976597828825,55.94440320244195,null
81,-3.1844976597828825,55.94440320244195,90,-3.1844976597828825,55.94470320244195,null
82,-3.1844976597828825,55.94470320244195,80,-3.1844455653295825,55.94499864476786,sports.topic.clocks
83,-3.1844455653295825,55.94499864476786,100,-3.1844976597828825,55.945294087093764,settle.title.united
84,-3.1844976597828825,55.945294087093764,230,-3.1846904960657882,55.94506427376083,null
85,-3.1846904960657882,55.94506427376083,230,-3.184883332348694,55.94483446042789,null
86,-3.184883332348694,55.94483446042789,230,-3.1850761686316,55.944604647094955,null
87,-3.1850761686316,55.944604647094955,230,-3.1852690049145056,55.94437483376202,null
88,-3.1852690049145056,55.94437483376202,240,-3.1854190049145057,55.944115026140885,manliness.poem.cliff
89,-3.1854190049145057,55.944115026140885,170,-3.1857144472404095,55.94416712059419,null
90,-3.1857144472404095,55.94416712059419,170,-3.1860098895663134,55.94421921504749,null
91,-3.1860098895663134,55.94421921504749,170,-3.186305331892217,55.94427130950079,null
92,-3.186305331892217,55.94427130950079,260,-3.186357426345517,55.943975867174885,null
93,-3.186357426345517,55.943975867174885,160,-3.186639334131753,55.944078473217886,null
94,-3.186639334131753,55.944078473217886,190,-3.1869347764576568,55.94402637876458,null
95,-3.1869347764576568,55.94402637876458,160,-3.1872166842438925,55.944128984807584,null
96,-3.1872166842438925,55.944128984807584,160,-3.187498592030128,55.944231590850585,null
97,-3.187498592030128,55.944231590850585,150,-3.1877583996512637,55.94438159085058,null
